1126 417 418 425 420 435 434 469 470 925 924 998 315 3 440 443 444 439 445 446
326 323 196 415 392 417 418 1084 1110 1111 1126 924 925 1000 65 425 420 435 434 0
439 445 446 15 447 358 662 292 4 2182 16 30 683 291 3 454 455 456 2417 4
418 3881 201 611 1000 744 425 420 435 1084 1110 1111 33 727 8 32 725 8 1126 434
443 444 439 445 446 15 447 358 4 292 662 291 3 454 455 456 1420 49 4 1418
425 420 435 434 763 3 440 443 444 439 445 446 447 15 1045 358 662 4 292 683
418 65 425 420 435 434 315 3 440 443 444 439 445 446 15 447 358 4 292 662
358 4 292 291 3 454 455 456 1219 51 4 1218 1341 1336 1339 1340 1337 10 10 10
443 444 439 445 446 15 447 358 292 4 662 16 683 291 3 454 455 456 2417 4
3 82 440 443 444 439 445 446 447 15 358 292 662 4 1180 1180 683 3 291 454
662 30 683 291 3 454 455 456 1219 51 4 1218 1341 1339 1336 1340 1337 10 10 10
420 425 435 434 0 675 3 440 443 444 439 445 446 447 15 358 4 3 292 4
2858 417 418 65 65 65 65 65 65 65 65 425 420 435 434 3 82 440 443 444
435 434 3 315 440 443 444 439 445 446 447 15 358 662 292 4 16 30 30 16
440 443 444 439 445 446 447 15 358 4 292 291 3 454 455 456 1219 51 4 1218
446 447 15 358 292 4 11 12 11 12 12 3 291 454 455 456 1807 4 141 11
414 413 319 245 197 318 196 415 392 417 418 1084 1110 1111 1126 12 425 420 435 434
3 82 440 443 444 439 445 446 15 447 358 292 662 4 2182 2182 16 2182 683 291
1627 918 409 323 334 414 413 197 245 326 323 196 415 392 1084 1110 1111 1126 417 418
469 5031 5039 899 425 3 82 4 51 4533 4731 4750 4783 4812 234 52 2411 30 16 1541
425 420 435 434 82 3 440 443 444 439 445 446 447 15 358 292 4 662 683 3
392 417 418 425 420 435 434 3 313 440 443 444 439 445 446 15 447 358 0 4
434 3 315 440 443 444 439 445 446 15 447 358 4 725 1084 1110 1111 1126 11 11
425 420 1110 1111 1126 435 434 763 3 440 443 444 439 445 446 15 447 358 0 4
425 435 434 326 3 440 443 444 439 445 446 15 447 358 0 1045 1145 292 4 291
409 764 334 414 197 413 245 763 196 764 415 392 417 418 11 11 425 420 1084 435
197 196 725 415 392 417 418 425 420 435 434 1084 1110 1111 1126 727 3 440 443 444
335 918 409 314 334 414 413 315 197 314 196 415 392 417 418 425 420 435 434 0
440 443 444 439 445 446 15 447 358 4 292 291 3 454 455 456 1219 51 4 1218
445 446 15 447 358 292 4 291 3 454 455 456 1807 141 4 1809 2232 2225 2230 2231
335 326 409 334 323 414 326 413 197 196 323 415 392 417 418 425 420 435 434 326
882 763 3 440 443 444 439 445 446 15 447 358 0 292 662 4 683 291 3 454
444 439 445 446 15 447 358 292 662 4 3168 683 291 3 454 455 456 1807 4 141
245 314 196 415 392 417 418 425 420 435 434 1000 470 469 3 315 12 12 440 443
52 4 49 3 50 4 51 52 234 0 0 2184 0 0 235 51 52 3 337 338
0 313 3 440 443 444 439 446 445 447 15 358 4 292 683 3 291 455 454 456
1084 1110 1111 892 1027 425 420 435 434 1126 1000 319 3 440 443 444 439 445 446 15
441 442 924 925 998 464 465 469 470 240 201 425 420 435 434 0 763 3 440 33
1126 417 418 425 420 435 434 763 3 440 443 444 439 445 446 1045 15 447 358 470
0 469 425 470 420 435 434 3 727 440 443 444 439 1045 445 446 15 447 358 4
676 415 392 417 418 425 420 435 434 3 675 440 443 444 439 445 446 15 447 358
1110 1111 1126 417 418 469 470 611 925 924 998 1000 425 420 435 434 326 3 440 443
1111 1126 417 418 425 420 435 434 3 326 440 443 444 439 445 446 15 447 358 4
82 3 440 443 444 439 1045 1145 445 446 15 447 358 3 4 4 292 3 291 454
444 439 445 446 447 15 358 4 292 662 6956 683 291 3 454 455 456 1219 4 51
446 15 447 358 292 662 4 683 3 291 454 455 456 1420 4 49 1418 1468 10 10
435 434 727 3 440 443 444 439 445 446 447 15 358 292 662 4 16 683 291 3
245 197 413 196 725 415 392 1084 417 418 425 420 1110 1111 1126 435 434 924 925 998
2436 2565 2585 2582 2593 242 50 471 4490 6609 2939 2711 471 243 49 2501 2600 2606 2644 2610
1111 8970 0 3 675 440 443 444 439 446 445 447 15 358 4 292 3 291 454 455
313 3 440 443 444 439 445 446 447 15 358 0 4 292 683 291 3 454 455 456
0 1704 0 12920 235 51 10 1424 3 52 1045 1 4 2 1140 183 1141 184 51 81
443 444 439 445 446 447 15 358 0 4 292 0 3 291 454 455 456 1807 141 4
425 420 435 434 326 3 440 443 444 439 445 446 15 447 358 292 4 662 471 683
313 3 440 443 444 439 445 446 15 447 358 0 4 292 683 469 470 291 3 454
44 470 469 1000 5031 5039 899 319 3 440 443 439 444 445 446 447 15 358 4 662
407 411 333 720 335 315 2182 409 334 314 414 413 315 197 245 196 314 415 392 417
434 3 319 440 443 444 439 445 446 15 447 358 0 4 292 91 291 3 454 455
414 727 197 245 413 725 196 415 392 417 418 65 425 420 435 434 3 727 440 443
991 151 470 469 925 924 998 418 417 425 420 435 434 675 3 440 443 444 439 445
417 418 420 425 435 434 470 469 924 925 998 5 3 326 440 443 444 439 445 446
440 443 444 439 445 446 447 15 358 4 292 662 1627 683 2182 291 3 454 455 456
82 440 443 444 439 445 446 15 447 358 292 662 4 683 3 291 454 455 0 456
435 434 3 326 440 443 444 439 445 446 15 447 358 4 292 662 683 291 3 454
443 444 439 881 882 925 924 445 446 15 447 358 4 662 292 683 3 291 4 292
3 440 443 470 469 925 924 998 444 439 445 446 447 15 358 662 4 292 683 2454
439 445 446 15 447 358 4 662 292 291 3 454 455 456 1219 51 4 1218 1341 1339
434 0 7033 6800 16 0 0 229 326 3 440 443 444 439 445 446 447 15 358 12
15 447 358 292 662 4 291 3 454 455 456 1219 51 4 1218 1341 1339 1336 1340 1337
81 334 414 197 413 245 82 196 81 415 392 417 418 425 420 435 434 1084 1110 1111
3 396 401 422 423 428 431 436 437 0 438 433 10 10 448 449 450 451 776 779
440 443 444 439 445 446 447 15 358 292 4 291 3 454 455 456 1219 51 4 1218
662 292 4 683 3 291 454 455 456 1420 49 4 1418 1468 1470 1466 1471 1467 10 10
417 418 425 420 435 434 82 3 440 443 444 439 445 446 15 447 358 292 662 4
469 925 924 998 435 434 315 3 440 443 444 439 445 446 15 447 358 4 662 292
418 425 420 435 434 315 3 440 443 444 439 445 446 447 15 358 4 662 292 683
1 2 3 440 443 444 439 445 446 15 447 358 4 292 662 683 3 291 454 455
420 425 435 434 315 3 440 443 444 439 446 445 447 15 358 0 3 4 3 4
1000 925 924 441 442 998 3 319 2415 11728 15917 51 4 44 6512 12305 16189 6605 6613 3051
434 1000 3051 727 3 440 443 444 439 445 446 15 447 358 4 662 292 683 9033 3
16 409 334 312 414 413 197 245 313 196 312 415 392 1084 1110 1111 417 418 1126 425
725 414 413 727 197 196 725 415 392 417 418 1084 1110 1111 1126 0 425 420 435 434
445 446 447 15 358 292 4 662 683 291 3 454 455 456 2820 77 4 2815 4975 5794
15 358 0 4 292 683 3 291 454 455 456 1219 0 4 51 1218 1341 49 52 242
175 143 1785 141 174 304 9423 296 6656 143 77 78 141 304 6715 296 5866 143 136 141
3 82 440 443 444 439 445 446 447 15 358 0 4 292 662 683 291 3 454 455
15 447 358 3 4 1145 292 4 291 3 454 455 456 1219 4 51 1218 1341 1339 1336
196 415 392 417 418 470 469 925 924 1189 1000 998 1203 1093 839 1117 767 892 953 1027
440 443 444 439 445 446 447 15 358 4 662 292 471 762 683 18990 1322 1515 201 3
925 924 470 469 998 417 418 425 420 435 434 3 315 440 443 444 439 1045 445 446
414 197 413 245 82 81 196 415 392 417 418 1084 1110 1111 1126 425 420 435 434 82
1111 1126 417 418 3 763 1743 1779 4 17 1612 1615 1618 1640 15 1621 1622 1789 15 1793
1110 1111 1126 425 420 435 434 3 326 440 443 444 439 445 446 447 15 358 4 292
15 358 4 292 662 16 30 683 3 291 454 455 456 0 1807 141 4 1809 5724 5725
425 420 435 434 315 3 440 443 444 439 445 446 15 447 358 0 442 441 465 464
443 444 439 445 446 15 447 358 0 292 4 291 3 454 455 456 2820 77 4 2815
417 418 1084 1110 1111 1126 0 425 420 435 434 313 3 440 443 444 439 445 446 447
446 15 447 358 0 4 3 4 292 0 291 3 454 455 456 1219 4 51 1218 1341
425 435 434 3 727 440 443 444 439 445 446 15 447 358 292 662 4 16 683 3
440 33 8 4 3 32 8 69 470 469 1000 443 444 439 445 446 15 447 358 0
417 418 1084 1110 1111 1126 65 425 420 435 434 315 3 440 443 444 439 445 446 447
440 443 444 439 445 446 447 15 358 4 292 662 683 3 291 454 455 0 456 1807
446 447 15 358 292 4 662 683 1322 611 744 465 464 240 1000 470 469 4232 291 3
763 196 764 415 392 417 418 425 420 435 434 0 3 763 440 443 444 439 445 446
415 392 417 418 425 420 435 434 1084 1110 1111 1126 3 326 440 443 444 439 445 446
358 0 1045 1145 292 4 683 291 3 454 455 4 292 3 291 456 1807 141 4 1809
434 3 315 440 443 444 439 445 446 470 469 925 924 998 292 4 3 291 447 15
1126 65 425 420 435 434 82 3 1045 440 443 444 439 445 446 447 15 358 662 4
196 81 415 392 417 418 1084 1110 1111 1126 425 420 435 434 82 3 440 443 444 439
3 440 443 444 439 446 445 447 15 358 4 662 292 683 291 3 454 455 456 1219
439 11 445 446 15 447 358 662 4 292 201 683 291 3 454 455 456 1807 141 4
435 434 3 315 440 443 444 439 445 446 447 15 358 0 4 292 0 3 291 454
662 4 292 683 291 3 454 455 0 456 1219 51 4 1218 1341 1339 1336 1340 1337 10
448 450 451 452 453 776 779 790 791 611 747 458 457 459 4 432 427 4295 429 3
445 446 447 15 358 292 4 662 5339 683 291 3 454 455 456 2820 77 4 2815 6502
440 443 444 439 445 446 15 447 358 4 292 662 5634 683 291 3 454 455 456 1219
991 924 925 998 1189 744 3 326 440 443 444 439 445 446 15 447 358 0 662 292
311 35 169 170 34 484 483 486 485 3 35 487 488 492 493 496 495 498 497 499
1110 1111 1126 0 425 420 435 434 315 3 440 443 444 439 445 1045 446 447 15 358
3 440 443 444 439 445 446 447 15 358 292 662 4 683 0 3 291 454 455 456
1111 1126 417 418 425 420 435 434 3 319 440 77 4 8240 8923 8984 8994 8967 78 224
3 440 443 444 439 445 446 447 15 358 4 292 662 683 30 291 3 454 455 456
392 1084 1110 1111 1126 417 418 470 469 5001 5004 998 1189 425 420 435 434 744 3 82
417 418 65 425 420 435 434 313 3 440 443 444 439 445 446 15 447 358 0 4
65 65 65 65 65 65 65 65 65 65 65 65 65 763 3 4 737 8 33 736
420 435 434 3 326 440 443 444 439 445 446 15 447 358 0 1045 1145 4 662 292
82 197 245 196 81 476 477 229 229 229 229 82 8 33 81 32 8 415 392 417
15 447 358 0 4 292 3 291 454 455 456 1807 4 141 1809 2232 2225 2230 2231 2233
420 435 434 82 3 440 443 444 439 445 446 15 447 358 0 3 4 4 292 3
446 447 15 358 4 292 3 291 454 455 456 1807 4 141 1809 2232 2225 2230 2231 2233
413 197 319 196 318 415 392 417 418 425 420 435 434 0 319 3 440 443 444 439
447 15 358 1045 0 33 4 8 32 3 8 49 4 242 50 0 4201 0 243 8
344 346 347 348 307 4 684 309 4295 3 310 359 361 4 49 50 242 1090 0 0
3 313 440 443 444 439 445 446 447 15 358 0 4 3 292 4 291 3 454 455
470 469 675 3 440 443 444 439 1000 446 445 447 15 358 662 292 4 5634 683 3
445 446 15 447 358 292 4 291 3 455 454 456 1045 1420 4 49 1418 1468 1470 1466
81 415 392 1084 417 418 1110 1111 1126 3 82 4 81 425 420 435 434 3 82 440
0 412 410 517 408 360 197 675 245 400 196 676 406 407 411 333 720 675 335 918
420 435 434 315 3 440 443 444 439 445 446 447 15 358 662 4 292 1180 683 3
1126 326 3 440 443 444 439 445 446 447 15 358 292 662 4 683 291 3 454 455
323 196 415 392 417 418 1084 1110 1111 1126 425 420 435 434 3 326 440 443 444 439
292 4 662 683 3 291 454 455 456 1219 4 51 1218 1341 1339 1336 1340 1337 10 10
417 418 425 420 435 434 1084 1110 1111 1126 3 315 440 443 444 439 17 4 1640 18
420 435 434 1084 1110 1111 1126 675 3 440 443 444 439 445 446 15 447 358 0 662
197 360 400 196 323 406 407 411 333 326 335 918 409 334 323 414 197 326 413 196
2617 2487 1541 0 1541 0 235 51 52 3 337 338 339 342 343 345 15 344 346 347
446 447 15 358 662 4 292 16 30 683 16 30 0 291 3 454 455 456 1420 4
1084 417 418 1110 1111 6540 425 420 1126 435 434 82 3 440 443 444 439 445 446 15
763 440 443 444 439 445 446 15 447 358 3 4 4 292 0 3 291 455 454 456
434 3 727 440 443 444 439 445 446 15 447 358 4 292 662 683 291 3 454 455
1084 1110 1111 1126 417 418 0 4868 425 420 435 434 3 313 440 443 444 439 292 4
415 392 417 418 1084 1110 1111 1126 326 6457 9919 6452 0 6930 6450 323 425 420 435 434
315 197 196 314 415 392 417 418 425 420 435 434 315 3 440 443 444 439 446 445
675 196 676 415 392 417 418 65 425 420 435 434 3 675 440 443 444 439 445 446
418 425 420 435 434 924 925 3 315 440 443 444 439 445 446 15 447 358 0 4
10 384 385 386 1001 387 388 389 393 391 398 394 395 390 397 399 405 403 402 404
15 358 4 292 3 291 454 455 456 2820 77 4 2815 4975 4969 4966 4968 4970 10 10
434 3 763 440 443 444 439 445 446 447 15 358 292 662 4 471 683 291 3 454
445 447 15 358 4 292 662 16 683 291 3 454 455 456 2417 136 4 2416 3139 3145
333 763 335 720 1276 918 409 764 334 414 413 197 245 763 196 764 415 392 417 418
763 3 440 443 444 439 445 446 15 447 358 1045 1145 4 3 4 292 3 291 454
405 403 402 404 412 410 1000 477 476 934 933 517 408 360 313 197 400 312 196 406
1126 82 3 440 443 444 439 445 446 447 15 358 4 292 291 3 454 0 455 456
3 445 446 15 447 358 0 4 292 662 471 683 3 291 454 455 456 0 1420 49
65 425 420 435 434 315 3 440 443 444 439 445 446 15 447 358 0 1045 1145 292
464 465 744 469 470 962 991 990 3 313 440 443 444 439 445 446 447 15 358 662
440 443 444 439 445 446 447 15 358 0 3 4 4 292 291 3 454 455 456 1420
443 444 439 445 446 447 15 358 4 662 292 683 291 3 454 455 456 1219 51 4
197 323 196 415 392 417 418 425 420 435 434 3 326 440 443 444 439 446 445 15
392 417 418 65 425 420 435 434 727 3 440 443 444 439 445 446 447 15 358 0
443 444 439 445 446 1045 15 447 358 292 4 0 291 3 454 1145 455 456 1219 51
440 443 444 439 445 1045 446 15 447 358 0 662 4 292 74 0 291 3 454 455
991 990 925 924 998 417 418 0 425 420 435 434 3 675 440 443 444 439 445 446
440 443 444 439 445 446 15 447 358 0 4 3 4 292 291 3 454 455 456 1219
315 196 314 415 392 417 418 1084 425 420 1110 1111 1126 435 434 315 3 440 443 444
9344 6457 0 6930 6450 323 1110 1111 417 418 1126 425 420 435 434 1000 326 3 440 443
6611 425 420 435 434 1084 1110 1111 1126 3 675 440 443 444 439 445 446 15 447 358
443 444 439 445 446 15 447 358 1045 0 4 292 0 3 291 455 454 456 1807 4
445 446 447 15 358 4 662 292 2411 683 3 291 454 455 456 1219 51 4 1218 3364
439 445 446 447 15 358 4 662 292 470 469 683 2617 1322 3 291 430 1599 454 455
196 312 415 392 1084 1110 1111 417 418 1126 925 924 469 470 998 425 420 435 434 313
445 446 447 15 358 292 4 3 291 454 455 456 1420 49 4 50 242 7231 0 49
445 446 447 15 358 662 4 292 683 291 3 454 455 456 1219 4 51 1218 1341 1000
444 439 445 446 447 15 358 1045 0 1145 292 4 662 683 291 3 454 455 662 4
434 82 3 440 443 444 439 445 446 1045 1145 447 15 358 4 662 292 762 683 3
446 15 447 358 1045 1145 662 4 292 683 291 3 454 455 456 1219 4 51 1218 1341
261 2 282 260 283 285 284 289 490 290 15 0 489 216 247 215 246 251 1685 4468
197 245 196 314 415 392 1084 417 418 1110 1111 1126 425 420 435 434 315 3 440 443
3 319 440 443 444 439 445 446 447 15 358 4 292 662 16 30 683 291 3 454
411 333 335 720 675 59 409 334 676 414 197 413 675 245 676 196 415 392 417 418
443 444 439 445 446 447 15 358 292 4 662 683 3 291 454 455 456 1219 51 4
441 464 465 470 469 924 925 240 313 3 440 443 444 439 445 446 447 15 358 4
1111 1126 425 420 435 434 315 3 440 443 444 439 445 446 15 447 358 292 662 4
1110 1111 1126 417 418 425 420 435 434 675 3 440 443 444 439 1045 1145 445 446 447
440 443 444 439 445 446 447 15 358 662 292 4 1180 30 16 683 291 3 454 455
445 447 15 358 4 292 3 291 454 455 456 1219 51 4 1218 1341 1339 1336 1340 1337
446 447 15 358 4 292 0 291 3 454 455 456 1807 141 4 1809 2232 2225 2230 2231
0 65 425 420 435 434 3 727 440 443 444 439 445 446 15 447 358 4 292 291
229 882 881 962 990 991 151 1000 925 924 998 470 469 229 611 727 3 440 443 444
409 334 725 414 197 727 413 196 725 415 392 1084 1110 1111 417 418 1126 425 420 435
447 15 358 1045 1145 4 292 291 3 454 455 456 1807 4 141 1809 2232 2225 2230 2233
439 445 446 15 447 358 4 292 662 1180 683 291 3 454 455 456 1219 4 51 1218
245 197 196 81 415 392 1084 1110 1111 1126 417 418 425 420 435 434 3 82 440 443
434 82 3 440 443 444 439 445 446 447 15 358 4 662 292 30 30 16 30 16
4 3 4 292 291 3 454 455 456 1219 51 4 1218 1341 1339 1336 1340 1337 10 10
44 6512 415 392 1084 1110 1111 1126 418 417 470 469 924 925 6613 6605 1000 899 998 7406
417 1000 470 469 925 924 425 420 435 434 3 315 440 443 444 439 445 446 1045 15
435 434 470 469 313 3 440 443 444 439 446 445 1045 447 15 358 662 4 292 5634
417 418 425 420 435 434 1001 881 882 962 990 991 924 925 1000 998 441 442 744 465
3 32 8 443 444 439 445 446 447 15 358 292 662 4 16 30 16 30 683 6616
245 323 196 415 392 417 418 425 420 435 434 1084 1110 1111 1126 326 3 440 443 444
358 292 4 291 3 454 455 0 456 1807 141 4 1809 2232 2225 2230 2231 2233 10 10
4872 1692 418 417 425 420 435 434 319 3 440 443 444 439 445 446 447 15 358 292
196 312 415 392 417 418 0 425 420 435 434 1084 1110 1111 1126 3 313 440 443 444
435 434 675 3 440 443 444 439 445 446 447 15 358 662 292 4 4721 30 16 16
363 364 366 308 0 3 4 4 273 3 274 396 401 422 423 428 431 0 436 437
440 443 444 439 445 446 15 447 358 4 292 291 3 454 455 456 1420 49 4 1418
3 454 455 456 1420 4 49 1418 1468 1470 1466 1467 1471 10 10 10 10 10 10 10
297 238 298 317 0 316 419 545 421 0 546 324 216 325 215 247 0 599 598 251
409 334 764 414 197 763 245 413 764 196 415 392 417 418 425 420 435 434 763 3
439 445 446 15 447 358 1045 1145 4 292 683 3 291 454 455 456 2820 77 4 2815
675 440 443 444 439 445 446 15 447 358 0 4 662 292 683 291 3 454 455 456
445 447 15 358 4 292 291 3 455 454 456 1219 51 4 1218 1341 1339 1336 1340 1337
15 358 292 4 291 3 454 455 456 2820 77 4 2815 4975 4969 4966 4968 4970 10 10
434 313 3 440 443 444 439 445 446 15 447 358 4 292 7571 3 291 454 455 456
434 675 3 440 443 444 439 445 446 1045 447 15 358 1145 4 662 292 683 291 3
764 32 8 414 197 413 245 763 764 196 415 392 392 417 418 1084 1110 1111 1126 425
15 447 358 4 662 292 6616 1276 16 1276 683 1515 611 291 3 454 455 456 1807 0
725 196 415 392 1084 1110 1111 1126 11 12 12 11 11 12 417 418 11 12 425 420
425 420 435 434 1000 763 3 440 443 444 439 445 446 15 447 358 662 4 292 16
15 447 358 292 4 662 683 6541 1685 3 291 454 455 456 2820 77 4 2815 6502 6510
2059 1276 409 334 81 414 197 82 413 196 81 415 392 417 418 425 420 435 434 3
435 434 1000 3 82 440 443 444 439 445 446 447 15 358 4 662 292 1180 683 3
683 291 3 454 455 456 1420 49 4 1418 1468 1470 1466 1471 1467 10 10 10 10 1556
415 392 417 418 65 65 65 425 420 435 434 313 3 440 443 444 439 445 446 447
326 413 323 196 415 392 417 418 425 420 435 434 326 3 440 443 444 439 445 446
51 4 10 10 10 1320 1319 2719 2486 2551 2563 2552 2556 52 234 2334 51 235 2575 2589
0 662 292 4 3 291 454 455 456 1420 49 4 1418 1468 1470 1466 1471 1467 1000 10
4 3 291 454 455 456 1420 0 4 49 1418 1468 1470 1466 1471 1467 10 10 10 10
245 197 313 196 312 415 392 417 418 65 425 420 435 434 3 313 440 443 444 439
0 425 420 435 434 3 326 440 443 4 3 444 439 445 446 447 15 358 4 292
1084 1110 1111 415 392 1126 417 418 65 425 420 435 434 3 82 440 443 444 439 445
444 439 445 446 447 15 358 4 3 4 292 291 3 454 455 456 1807 141 4 1809
417 418 425 420 470 469 925 924 1189 998 435 434 1084 1110 1111 1126 3 315 4 312
197 413 319 196 318 415 392 1084 1110 1111 1126 417 418 1276 425 420 435 434 3 319
196 676 415 392 417 418 425 420 435 434 3 675 440 443 444 439 445 446 447 15
245 400 196 81 406 407 469 470 1189 744 411 333 720 335 82 918 409 334 81 414
82 3 440 443 444 439 446 445 447 15 358 4 662 292 683 291 3 454 455 456
446 15 447 358 662 292 4 1180 683 291 3 454 455 0 456 1219 51 4 1218 1341
443 444 439 445 446 447 15 358 0 4 292 3 291 454 455 1045 1145 456 1219 51
196 415 392 417 418 0 425 420 435 434 727 3 440 443 444 439 445 446 447 15
420 435 434 0 82 3 440 443 444 439 445 446 447 15 358 1045 0 1145 4 662
425 420 435 434 3 727 440 443 444 439 445 446 15 447 358 0 4 3 292 4
439 445 446 447 15 358 4 292 3 291 454 455 456 1219 4 51 1218 1341 1339 1336
4 662 683 3 291 454 455 456 2820 4 77 2815 4975 4969 4966 4968 4970 10 10 4886
425 420 435 434 3 315 440 443 444 439 445 446 447 15 358 0 3 4 4 292
425 420 435 434 3 675 440 443 444 439 446 445 15 447 358 1045 0 1145 4 292
197 315 196 314 415 392 1084 1110 1111 1126 417 418 425 420 435 434 924 925 998 469
445 446 15 447 358 292 662 4 1180 683 291 3 454 455 456 1219 51 4 1218 1341
445 446 447 15 358 4 3 4 292 3 291 454 455 456 1807 141 4 1809 2232 2225
408 82 197 360 245 400 196 81 406 407 411 333 335 720 82 409 334 81 414 82
315 335 409 334 314 414 315 413 197 314 196 415 392 417 418 425 420 435 434 0
245 197 196 81 415 392 417 418 469 470 425 420 435 434 82 3 440 443 444 439
15 447 358 4 3 4 292 291 3 454 455 456 2820 4 77 2815 4779 4788 4776 4781
196 415 392 417 418 0 425 420 435 434 0 3 675 440 443 444 439 445 446 15
415 392 417 418 425 420 435 434 3 315 440 443 444 439 445 446 15 447 358 292
358 292 662 4 1276 683 291 3 454 455 1045 0 456 1807 4 141 1809 2232 2225 2230
675 413 245 197 676 196 415 392 417 418 425 420 1084 435 434 3 675 440 443 444
245 196 676 1084 415 392 417 418 425 420 435 434 3 675 440 443 444 439 2415 44
1126 6611 3 315 440 443 444 439 445 446 447 15 358 662 4 292 683 291 3 454
435 434 727 3 440 443 444 439 445 446 447 15 358 662 4 292 5634 30 16 2182
415 392 417 418 1084 1110 1111 1126 425 420 435 434 3 675 440 443 444 439 445 446
403 402 404 412 410 408 360 197 675 400 196 676 406 407 411 333 675 335 918 409
445 446 15 447 358 292 4 683 3 291 454 455 456 1219 0 51 4 1218 1341 1339
435 434 319 3 440 443 444 439 445 446 447 15 358 1045 1145 0 44 9070 9 9237
440 443 444 439 445 446 15 447 358 292 662 4 683 3 291 454 455 456 1420 49
446 15 447 1045 1145 358 4 292 662 683 291 3 454 455 456 1219 4 51 1218 1341
3 319 440 443 444 439 445 446 447 15 358 4 292 0 3 291 454 455 456 1219
4 3 274 401 396 586 0 422 423 428 431 436 437 438 433 10 10 449 448 450
3 313 440 443 444 439 445 446 15 447 358 4 3 292 4 0 3 291 454 455
446 447 15 358 0 4 292 291 3 454 455 456 1219 4 51 1218 1341 1339 1336 1340
415 392 417 418 1084 1110 1111 1126 727 3 4 49 2436 2565 2585 2582 2593 242 50 30
445 446 447 15 358 662 4 292 683 3105 3 291 454 455 456 2820 4 77 2815 4779
314 414 413 245 315 197 196 314 415 392 1084 417 418 1000 425 420 1110 1111 435 434
446 447 15 358 3 4 4 292 0 291 3 454 455 456 1219 4 51 1218 1341 1339
417 418 65 425 420 435 434 0 10730 10761 10748 1000 763 3 440 443 444 439 445 446
15 447 358 4 292 662 0 683 291 3 454 455 456 1219 4 51 1218 3364 3359 3362
440 443 444 439 445 446 447 15 358 3 4 292 4 0 3 291 454 455 456 1420
425 420 435 434 315 3 440 443 444 439 445 446 15 447 358 292 662 4 471 683
1084 1110 1111 1126 417 418 1000 420 425 435 434 326 3 440 443 444 439 445 446 15
443 444 439 1045 1145 445 446 15 447 358 4 662 292 471 683 291 3 454 455 456
312 196 406 407 411 333 335 313 409 334 312 414 413 313 197 312 196 415 392 417
3 4 292 291 3 4 8 33 32 3 15 15 8 454 455 456 1807 0 141 4
15 447 358 4 292 291 3 454 455 456 1219 4 51 1218 1341 1339 1336 1340 1337 10
445 446 1045 447 15 358 1145 292 4 291 3 49 4 3 50 454 455 0 456 1807
1111 1126 0 82 3 440 443 444 439 445 446 447 15 358 1045 1145 0 3 4 4
291 3 446 445 447 15 358 4 292 0 291 3 454 455 0 456 1219 51 4 1218
425 420 435 12 434 12 11 315 3 12 440 443 444 439 445 446 447 15 358 662
443 444 439 1045 1145 445 446 447 15 358 292 4 0 3 291 454 455 456 1807 141
443 444 439 4 1 3 2 446 445 447 15 358 0 81 4 0 0 0 0 0
12 11 425 420 12 435 434 12 12 763 3 11 12 12 1045 440 443 444 439 445
1084 1110 1111 1126 675 3 440 443 444 439 1045 1145 445 446 15 447 358 662 4 292
415 392 417 418 65 425 420 435 434 65 3 319 440 443 444 439 445 446 15 447
425 420 1110 1111 1126 435 434 3 82 440 443 444 439 1000 445 446 447 15 358 4
1110 1111 1126 65 425 420 435 434 675 3 4 3 440 443 444 439 445 446 447 15
446 15 447 358 0 662 292 4 683 291 3 454 455 456 1219 4 51 1218 1341 1339
425 420 435 434 727 3 440 443 444 439 445 446 447 15 358 662 4 292 683 291
392 1084 1110 1111 417 418 1126 0 425 420 435 434 2978 15 3018 326 3 440 443 444
418 0 420 425 435 434 0 0 675 3 440 443 444 439 445 446 15 447 358 0
434 3 326 440 443 444 439 446 445 15 447 358 4 292 662 683 291 3 454 455
3 675 4 8 33 3 32 8 440 443 8 4 32 3 33 8 33 8 8 4
1110 1111 1126 415 392 417 418 0 425 420 435 434 3 82 440 4 3 443 444 439
415 392 417 418 425 420 0 435 434 3 326 440 443 444 439 445 446 15 447 358
420 435 434 319 3 440 443 444 439 445 446 15 447 358 0 292 4 662 683 3
3 727 440 443 444 439 445 446 447 15 358 1045 1145 0 442 441 465 464 470 469
392 1084 1110 1111 1126 417 418 425 420 435 434 319 3 440 443 444 439 445 446 15
611 925 924 998 201 1000 744 319 3 440 443 444 439 445 446 447 15 358 1045 1145
924 1000 425 420 435 434 3 675 3 4 440 443 444 439 445 446 447 15 358 0
411 333 675 335 918 409 676 334 414 675 413 245 197 196 676 415 392 417 418 425
3 440 443 444 439 445 446 15 447 358 662 4 292 683 3 291 454 455 456 1420
3 440 3 4 443 444 439 445 446 447 15 358 4 292 291 3 454 455 456 2820
727 440 443 444 439 445 446 15 447 358 292 662 4 1180 683 3 291 454 455 456
439 445 446 15 447 358 292 4 662 683 291 3 454 455 456 1219 51 4 1218 1341
446 1045 15 447 358 1145 292 4 291 3 454 455 456 1807 4 141 1809 2232 2225 2230
326 720 335 1322 918 409 323 334 414 197 413 245 326 196 323 415 392 1084 1110 1111
440 443 444 439 445 446 1045 15 447 358 1145 0 3 4 292 4 0 3 291 454
444 439 445 446 447 15 358 0 1045 611 1000 1145 292 4 662 0 3 291 454 455
3 440 443 444 439 445 446 447 15 358 292 4 0 291 3 454 455 456 1219 0
675 3 440 443 439 444 445 446 15 447 358 4 292 291 3 454 455 456 1219 4
443 444 439 445 446 447 15 358 0 292 662 4 683 291 3 454 455 456 1420 4
414 413 675 197 196 676 415 392 417 418 425 420 435 434 3 675 440 443 444 439
326 8 33 32 323 8 417 418 425 420 435 434 3 326 440 443 444 439 445 446
440 443 444 439 446 445 447 15 358 4 292 3 291 454 455 456 1219 4 51 1218
425 420 435 434 1126 326 3 440 443 444 439 445 446 15 447 358 4 292 662 683
1111 1126 434 319 3 440 443 444 439 445 446 15 447 1045 358 4 292 662 683 469
675 3 440 443 444 439 446 445 15 447 358 0 4 292 3 291 454 455 456 1420
392 417 418 470 469 924 925 998 425 420 435 434 315 3 440 443 444 439 445 446
435 434 675 3 440 443 444 439 445 446 15 447 358 662 4 292 471 683 11490 430
435 434 82 3 440 443 444 439 445 446 1045 447 15 358 1145 662 292 4 683 3
82 440 443 444 439 445 446 15 447 358 292 4 662 5339 683 291 3 454 455 456
443 444 439 445 446 15 447 358 662 292 4 0 683 291 3 454 455 456 1807 4
417 418 425 420 435 434 3 315 440 443 444 439 445 446 447 15 358 292 662 4
443 444 439 446 445 447 15 358 0 662 292 4 683 3 291 454 455 456 2820 77
358 0 4 292 291 3 454 455 456 1219 51 4 1218 1341 1339 1336 1340 1337 10 10
1084 417 418 425 420 435 434 1110 1111 1126 470 469 1000 925 924 998 763 3 953 767
3 440 443 444 439 445 446 15 447 358 4 3 292 4 291 3 454 455 456 1219
314 196 415 392 417 418 65 425 420 435 434 315 3 440 443 444 439 445 446 447
444 439 446 445 447 15 358 4 292 291 3 454 455 456 1219 4 51 1218 1341 1339
1126 417 418 425 420 435 434 675 3 440 443 444 439 445 1045 446 447 15 358 1145
1126 417 418 425 420 435 434 3 727 440 443 444 439 445 446 15 447 358 1045 1145
418 65 65 425 420 435 434 1001 881 882 925 924 4269 962 990 991 151 442 441 465
434 3 675 4 34 0 0 35 3 440 443 444 439 445 446 447 15 358 4 292
439 445 446 15 447 358 0 4 292 683 3 291 454 455 456 1219 4 51 1218 1341
444 439 445 446 447 15 358 0 1045 1145 4 662 292 16 683 3 291 454 455 456
197 413 725 196 415 392 417 418 65 425 420 435 434 727 3 3 4 440 443 444
418 0 425 420 435 434 315 3 440 443 444 439 445 446 15 447 358 292 4 3
0 420 425 435 434 763 3 440 443 444 439 445 446 447 15 358 3 4 292 4
3 82 440 443 444 439 445 446 15 447 358 4 3 4 292 662 291 3 454 455
358 292 4 291 3 454 455 456 1219 4 51 1218 1341 1336 1339 1340 1337 10 10 1320
6956 425 420 435 434 69 675 3 440 443 444 439 446 445 447 15 358 4 662 292
197 196 81 415 392 417 418 1084 1110 1111 65 425 420 435 434 1126 3 82 440 443
447 358 292 4 3 291 454 455 456 1420 4 49 1418 1468 1470 1466 1471 1467 10 10
3 440 443 444 439 445 446 447 15 358 4 292 3 291 454 455 456 1219 51 4
292 0 291 3 445 1045 446 15 447 358 0 292 4 0 3 291 454 455 456 1219
81 1084 1110 1111 1126 82 3 443 444 439 445 446 15 447 1045 358 1145 4 3 4
292 291 3 454 455 456 1219 51 4 1218 1341 1336 1339 1340 1337 10 10 10 10 10
3 82 440 443 444 439 8 33 4 32 3 8 4 292 3 291 445 446 15 447
434 727 3 440 443 444 439 445 446 447 15 358 292 662 4 683 3 291 454 455
418 0 425 420 435 434 1000 442 441 465 464 240 924 925 469 470 998 313 3 440
418 1084 1110 1111 1126 0 425 420 435 434 315 3 440 443 444 439 445 446 447 15
440 443 444 439 446 445 15 447 358 292 4 662 1180 683 291 3 454 455 456 1219
1699 1198 1 1197 2 34 0 0 476 477 481 480 513 514 0 0 3 35 337 338
392 1110 1111 1126 417 418 425 420 435 434 0 82 3 440 443 444 439 3 4 292
413 82 196 81 415 392 417 418 425 420 435 434 82 3 440 443 444 439 445 446
447 15 358 662 292 4 683 3 291 454 455 456 1219 51 4 1218 1341 1339 1336 1340
446 15 447 358 292 4 662 683 291 3 454 455 456 1420 49 4 1418 1468 1470 1466
440 443 444 439 445 446 15 447 358 0 3 4 4 292 3 291 454 455 456 1807
82 3 440 443 444 439 445 446 15 447 358 292 662 4 16 683 291 3 454 455
8 443 444 439 445 446 15 447 358 4 292 662 683 3 291 454 455 456 1219 51
358 292 4 662 6636 683 3 291 454 455 456 1219 51 4 1218 1341 1339 1336 12 12
11 12 12 11 12 11 425 420 1110 1111 435 434 1126 82 3 4 3 440 443 444
417 418 425 420 435 434 3 319 440 443 444 439 445 446 447 15 358 4 292 662
924 998 425 420 435 434 3 82 440 443 444 439 445 446 447 15 358 4 662 292
435 434 3 315 4 8 33 32 3 8 440 443 444 439 292 4 683 291 3 445
434 3 675 440 443 444 439 445 446 15 447 358 292 662 4 1658 1276 683 291 3
15 358 4 292 3 291 454 455 456 1219 51 4 1218 1341 1339 1336 1337 1340 10 10
447 15 358 4 3 292 4 3 291 454 455 456 1420 0 49 4 1418 1468 1470 1466
3 291 454 455 456 1807 0 4 141 1809 2232 2225 2230 2231 2233 10 10 10 10 10
444 439 445 446 15 447 358 0 662 4 292 3 291 454 455 456 2820 4 77 2815
434 470 469 882 881 962 991 990 315 3 440 443 444 439 445 446 447 15 358 4
470 469 1692 925 924 1000 998 415 392 417 418 425 420 435 434 0 727 3 440 443
418 425 420 435 434 3 727 440 443 444 439 445 446 15 447 358 4 662 292 683
446 15 447 358 4 292 291 3 454 455 456 1420 4 49 1418 1468 1470 1466 1471 1467
315 440 443 444 439 445 446 15 447 358 0 662 292 4 683 291 3 454 455 456
292 4 291 3 454 455 456 1219 4 51 1218 1341 1339 1336 1340 1337 10 10 10 1319
747 458 457 459 427 4 432 429 3 461 460 463 15 462 4 34 466 311 0 35
10748 10730 425 420 435 434 3 326 440 443 444 439 445 446 15 447 358 1045 1145 0
65 425 420 435 434 3 315 440 443 444 439 445 446 15 447 358 4 292 662 683
409 334 764 245 763 413 197 414 196 764 415 392 417 418 425 420 435 434 763 3
418 425 420 435 434 313 3 440 443 444 439 445 446 15 447 1045 358 4 292 3
420 435 434 3 326 440 443 444 439 445 446 15 447 358 1045 1145 3 4 292 4
1111 1126 0 425 420 435 434 3 315 440 443 444 439 445 446 15 447 358 0 292
1111 418 417 1126 0 425 420 435 434 727 3 440 443 444 439 445 446 15 447 358
444 439 445 446 15 447 358 4 292 3 291 1045 454 455 456 1807 141 4 1809 2232
435 434 1001 6540 882 881 962 991 990 2487 469 470 1189 924 925 998 7377 7396 7567 7549
82 245 413 197 81 196 415 392 417 418 469 470 1000 924 925 998 1189 425 420 435
434 1001 882 881 470 469 925 924 3 727 440 443 444 439 445 446 15 447 358 4
727 413 414 245 197 725 196 415 392 417 418 425 420 435 434 727 3 440 443 444
418 1084 1110 1111 1126 425 420 435 434 763 3 440 443 444 439 445 446 447 15 358
292 662 683 291 3 454 455 456 2820 77 4 2815 6304 609 205 6311 620 609 5929 205
764 415 392 417 418 425 420 469 470 925 924 1000 998 435 434 763 3 440 443 444
3 313 440 443 444 439 446 445 15 447 358 0 4 3 292 4 3 291 454 455
335 409 334 323 414 326 197 413 245 196 323 415 392 1084 1110 1111 1126 417 418 425
392 417 418 425 420 435 434 82 3 440 443 444 439 445 446 15 447 358 4 292
334 725 414 727 245 413 197 196 725 415 392 417 418 425 420 435 434 3 727 440
1000 3 326 440 443 444 439 445 446 15 447 358 292 662 4 683 1544 3 291 454
358 292 4 662 430 683 3 291 454 455 456 1420 4 49 1418 1468 1470 1466 1471 1467
440 443 444 439 445 446 15 447 358 662 292 4 683 291 3 454 455 456 2820 77
413 675 197 245 196 676 415 392 417 418 0 675 33 8 676 32 8 675 8 33
425 420 435 434 763 3 440 443 444 439 445 446 447 15 358 4 292 662 683 5634
425 420 435 434 3 727 440 443 444 439 445 446 15 447 358 4 292 662 16 683
417 418 65 425 420 435 434 313 3 440 443 444 439 445 446 447 15 358 4 292
176 171 3355 205 3360 176 171 4084 52 136 51 137 4143 176 171 3963 52 234 1191 51
15 358 0 4 292 291 3 454 455 456 1420 4 49 1418 1468 1470 1466 1471 1467 10
443 444 439 445 446 447 15 358 4 292 662 683 1692 291 3 454 455 456 1045 1807
447 358 292 4 662 683 291 3 454 455 456 1420 4 49 1418 1468 1470 1466 1471 1467
315 440 443 444 439 445 1045 446 15 447 358 4 292 662 1180 683 291 3 454 455
417 418 0 425 420 435 434 1000 924 925 4269 3899 44 4141 4142 3051 727 3 440 443
662 292 4 683 291 3 454 455 456 1420 49 4 1418 1468 1470 1466 1471 1467 10 10
417 418 1084 1110 1111 1126 420 425 435 434 3 326 4 3 440 443 444 439 445 446
1111 417 418 1126 425 420 435 434 3 675 440 443 444 439 445 446 15 447 358 0
435 434 469 470 3 319 440 443 4 292 291 3 1045 444 439 445 446 15 447 358
4 662 292 683 6616 3 291 454 455 456 1219 4 51 1218 1341 1339 1336 1340 1337 10
439 445 446 447 15 358 292 4 3 291 454 455 456 1807 141 4 2232 1809 2225 2230
444 439 445 446 15 447 358 0 3 4 4 292 3 291 454 455 456 1420 4 49
219 219 219 219 219 219 219 219 219 219 219 69 69 3598 3603 9516 9517 1365 18 3
335 727 720 409 334 725 414 197 413 245 727 196 725 415 392 417 418 425 420 435
408 360 82 197 400 196 81 406 407 411 333 335 82 918 409 334 81 82 414 197
763 197 245 413 196 764 415 392 417 418 425 420 435 434 1000 763 3 440 443 444
470 469 425 420 435 434 3 319 440 443 444 439 445 446 15 447 358 292 662 4
417 418 65 65 65 65 65 65 82 8 33 32 81 8 425 420 435 434 11 82
445 15 447 358 4 292 291 3 454 455 456 1219 51 4 1218 1341 1339 1336 1337 1340
392 417 418 1084 1110 1111 469 470 1189 1126 425 420 435 434 315 3 440 443 444 439
413 326 323 196 415 392 417 418 425 420 435 434 326 3 440 443 444 439 445 446
439 292 4 0 3 291 445 446 447 15 358 4 662 292 683 3 291 454 455 456
445 446 15 447 358 0 292 4 683 3 291 454 455 456 1219 51 4 1218 1341 1339
15 358 3 4 4 292 3 291 454 455 456 1807 4 141 1809 2232 2225 2230 2231 2233
435 434 0 8 318 319 33 32 8 319 33 32 318 8 319 3 440 443 444 439
3 440 443 444 439 445 446 15 447 358 0 3 4 4 662 292 683 3 291 454
15 447 358 4 3 292 4 291 3 454 455 456 1219 4 51 1218 1341 1339 1336 1337
443 444 439 292 4 291 3 446 445 447 15 358 4 292 0 291 3 454 455 456
1110 1111 1126 425 420 435 434 326 3 1000 440 443 470 469 744 444 439 445 446 447
444 439 445 446 447 15 358 4 292 662 2182 201 611 441 442 465 464 470 469 240
418 425 420 435 434 2454 1000 469 470 675 3 440 443 444 439 3 4 445 446 15
4 309 3 310 359 361 363 364 366 308 4 273 0 0 3 274 396 401 422 423
445 446 15 447 358 1045 1145 292 662 4 683 3 291 454 455 456 1420 4 49 1418
3 440 443 444 439 445 446 447 15 358 0 4 292 3 291 454 455 456 1807 4
399 0 405 403 402 404 412 410 1000 517 408 313 197 360 400 196 312 406 407 411
444 439 445 446 15 447 358 0 1045 1145 292 4 3 291 454 455 456 1219 51 4
444 439 445 446 15 447 358 0 4 292 0 291 3 454 455 0 456 1219 4 51
435 434 315 3 440 443 444 439 445 446 447 15 358 292 4 662 1180 683 3 291
3 440 443 444 439 445 446 447 15 358 4 292 662 683 291 3 454 455 456 1219
418 425 420 435 434 82 3 440 443 444 439 445 446 447 15 358 4 292 291 3
446 15 447 358 292 4 291 3 454 455 456 1420 49 4 1418 1468 1470 1466 1471 1467
414 413 197 319 318 196 415 392 1084 1110 1111 417 418 1126 65 0 425 420 435 434
425 420 435 434 3 315 440 443 444 439 445 446 15 447 358 4 662 292 683 291
3 675 440 443 444 439 445 446 447 15 358 4 662 292 30 16 683 9477 7918 470
676 196 415 392 1084 1110 1111 1126 418 417 425 420 435 434 1000 675 3 440 443 444
443 444 439 445 446 15 447 358 1045 0 1145 292 4 662 683 291 3 454 455 456
392 417 418 425 420 435 434 82 3 440 443 444 439 445 446 447 15 358 662 292
414 245 197 196 318 415 392 417 418 11 12 425 11 0 420 435 434 319 3 440
1588 1539 0 1587 1631 1664 1630 1662 1702 1699 1198 1197 1 2 34 0 0 514 513 0
319 8 33 4 3 32 8 240 201 440 443 444 439 445 446 15 447 358 4 662
420 435 434 315 3 440 443 444 439 446 445 447 15 358 292 4 662 683 1515 611
420 435 434 3 326 440 443 444 439 445 446 447 15 358 4 292 662 16 16 683
392 417 418 65 425 420 435 434 727 3 440 443 444 439 445 446 447 15 358 292
447 358 4 662 292 683 291 3 454 455 456 1420 4 49 1418 1468 1470 1466 1471 1467
1111 1126 425 420 0 435 434 3 727 440 443 444 439 445 446 15 447 358 4 292
245 197 413 313 196 312 415 392 417 418 425 420 435 434 12 11 3 313 12 11
245 326 196 323 415 392 417 418 425 420 1084 1110 1111 1126 435 434 326 3 12 440
1111 1126 425 420 435 434 3 313 440 443 444 439 445 446 1045 447 15 358 4 292
318 414 413 319 197 245 318 196 415 392 1084 417 418 425 420 1110 1111 1126 435 434
7485 235 255 30 234 256 235 51 30 141 52 175 143 0 174 141 0 143 3 337
443 444 439 445 446 4 292 3 291 447 15 358 292 4 662 3 291 454 455 456
15 358 292 4 3 291 454 455 456 1420 49 4 1418 1468 1470 1466 10 10 10 10
1126 417 418 425 420 435 434 313 3 440 443 444 439 445 446 15 447 358 0 4
435 434 3 313 440 443 444 439 446 445 15 447 358 4 662 292 683 5634 291 3
439 445 446 15 447 358 292 4 291 3 454 0 455 456 1807 141 4 1809 2232 2225
440 443 444 439 445 446 447 15 358 662 292 4 683 3 291 454 455 456 1219 4
425 420 435 434 3 675 440 443 444 439 445 446 447 15 358 0 292 4 0 3
435 434 0 319 3 440 443 444 439 445 446 1045 15 447 358 1145 0 4 292 0
445 446 447 15 358 662 292 4 683 3 291 454 455 456 1807 4 141 1809 7411 2110
413 197 245 727 725 196 415 392 417 418 425 420 435 434 3 727 440 443 444 439
318 414 197 319 413 318 196 415 392 1084 417 418 1110 1111 1126 425 420 435 434 3
414 675 197 413 245 196 676 1084 1110 1111 415 392 1126 417 418 201 1000 611 962 990
8 82 8 32 81 8 82 3 81 4 425 420 435 434 82 3 440 443 444 439
727 245 413 197 725 196 415 392 417 418 425 420 435 434 727 3 440 443 444 439
30 409 312 334 245 414 413 197 313 312 196 415 392 417 418 1084 1110 1111 1126 425
470 469 924 925 425 420 435 434 3 763 440 443 444 439 445 446 447 15 358 662
245 197 727 196 725 415 392 1084 1110 1111 418 417 1126 425 420 435 434 3 727 440
418 470 469 924 925 4269 425 420 435 434 315 3 440 443 444 439 445 446 15 447
443 444 439 445 446 447 15 358 292 4 662 683 291 3 454 455 456 1219 4 51
415 392 1084 1110 1111 417 1126 418 65 425 420 435 434 675 3 440 443 444 439 445
417 65 425 420 435 434 3 727 440 443 444 439 445 446 447 15 358 292 4 3
439 445 446 15 447 358 4 292 6616 291 3 454 455 456 1420 4 49 1418 1468 1470
418 1084 1110 1111 1126 425 420 435 434 0 727 3 440 443 444 439 445 446 15 447
439 445 446 447 15 358 4 662 292 683 3 291 454 455 456 1219 51 4 1218 1341
196 415 392 417 418 420 425 435 434 82 3 440 443 444 439 445 446 447 15 358
764 414 197 763 413 245 196 764 415 392 1084 1110 1111 1126 33 8 763 764 32 8
318 334 414 413 197 319 196 318 415 392 417 418 425 420 435 434 0 3 319 440
400 1276 81 196 406 407 411 333 82 335 409 81 334 414 413 82 197 81 196 415
447 358 292 662 4 683 3 291 454 455 456 1807 141 4 1809 2232 2225 2230 2231 2233
425 420 435 434 0 3 675 440 443 444 439 445 446 15 447 358 0 292 662 4
292 4 291 3 454 455 456 1219 0 51 4 1218 1341 1339 1336 1337 1340 10 10 1320
4 662 292 1180 683 291 3 454 455 456 1219 51 4 1218 1341 1339 1336 1340 1337 10
417 418 65 425 420 435 434 1001 3 82 440 443 444 439 445 446 15 447 358 4
2681 1000 469 470 418 417 1126 425 420 435 434 925 924 998 1189 319 3 1045 1145 440
447 15 358 0 4 3 4 292 3 291 454 455 456 1219 0 51 4 1218 1341 1339
291 3 358 0 292 662 4 683 291 3 454 0 455 456 1420 4 49 1418 1468 1470
81 406 407 411 333 82 335 918 409 81 334 414 82 413 197 81 196 415 392 417
434 3 82 440 443 444 439 445 446 1045 447 15 358 1145 4 662 292 2182 2182 16
445 15 447 358 0 4 3 4 662 292 3 291 454 455 456 1420 4 49 1418 1468
440 443 444 439 445 446 447 15 358 662 4 292 683 291 3 454 455 456 1219 4
440 443 444 439 1045 1145 445 446 15 447 358 4 292 0 291 3 454 455 456 1420
447 15 358 4 662 292 1180 683 291 3 455 454 456 1219 4 51 1218 1341 1339 1336
196 415 392 417 418 420 425 435 434 469 470 925 924 3 675 440 443 444 439 445
440 443 439 444 446 445 447 15 358 4 292 683 0 3 291 454 455 456 1219 51
435 434 313 3 440 443 444 439 445 446 447 15 358 292 4 662 7122 683 3 291
1093 1203 0 0 4545 0 141 174 51 143 52 234 30 30 1704 30 2334 7816 44 9
425 420 435 434 315 3 440 443 444 439 445 446 447 15 358 4 292 0 291 3
447 15 358 0 4 292 291 3 454 455 456 1219 51 4 1218 1341 1339 1336 1340 1337
417 418 425 420 435 434 3 727 440 443 444 439 445 446 447 15 358 4 676 3
443 444 439 445 446 15 447 358 4 292 662 683 291 3 454 455 456 1807 4 141
292 4 0 291 3 454 455 0 456 1807 141 4 1809 2232 2225 2230 2231 2233 10 10
431 436 437 438 433 10 10 449 448 450 451 453 452 776 790 779 791 747 458 457
1126 417 418 425 420 435 434 430 924 925 998 441 442 3 675 464 465 240 470 469
65 425 420 435 434 763 3 440 443 444 439 445 446 15 447 358 4 292 683 291
417 418 0 425 420 435 434 0 0 638 638 675 3 440 443 444 439 445 446 447
1111 1126 417 418 1000 425 420 435 434 313 3 440 443 444 439 445 446 15 447 358
326 196 323 415 392 417 418 425 420 435 434 3 326 440 443 444 439 445 446 447
440 443 444 439 446 445 15 447 358 4 292 662 683 470 469 291 3 454 455 456
420 435 434 319 3 440 443 444 439 446 445 15 447 358 0 3 4 4 292 0
415 392 417 418 1084 16 1110 1111 1126 470 469 1000 924 925 998 430 16 425 420 435
418 1126 425 420 435 434 0 3 727 440 443 444 439 1000 953 469 470 767 2810 5
3 319 440 443 444 439 445 446 447 15 358 662 292 4 5634 683 3 291 454 455
439 445 446 15 447 358 292 662 4 683 291 3 454 455 456 1219 4 51 1218 1341
312 415 392 417 418 425 420 435 1084 1110 1111 1126 434 3 313 4 136 470 469 925
425 420 435 434 763 3 440 443 444 439 445 446 447 15 358 0 3 4 292 4
434 0 3 675 440 443 444 439 445 446 447 15 358 0 3 4 4 292 3 291
417 418 425 420 435 434 3 763 440 443 444 439 445 446 15 447 358 292 4 662
447 15 358 0 3 4 4 292 3 291 454 455 456 1219 4 51 1218 1341 1339 1336
439 445 446 447 15 358 4 3 0 4 292 3 291 454 455 0 1045 1145 456 2820
435 434 0 315 3 440 443 444 439 445 446 447 15 358 4 292 0 291 3 454
1084 1110 1111 425 420 435 434 319 3 440 443 444 439 445 446 15 447 358 292 4
444 439 445 446 15 447 358 4 292 471 3 291 454 455 456 1420 49 4 1418 1468
445 1045 446 1145 447 15 358 3 4 292 4 3 291 454 455 456 1420 49 4 1418
439 445 446 447 15 358 4 3 4 292 3 291 454 455 456 1420 4 49 1418 1468
446 15 447 358 0 292 4 291 3 454 455 456 2417 136 4 2416 3139 3145 3138 3152
1110 1111 1126 417 418 425 420 435 434 675 3 440 443 444 439 1045 445 446 447 15
409 334 312 414 245 413 313 197 196 312 415 392 1084 1110 1111 1126 417 418 767 953
439 445 446 15 447 358 4 292 662 762 0 683 291 3 454 455 456 1420 49 4
315 3 440 30 443 444 439 445 446 1045 1145 447 15 358 292 662 4 6616 683 6636
447 358 4 662 292 683 291 3 454 455 456 1420 4 49 1418 1468 1470 1466 1471 1467
469 925 924 1084 1110 1111 1126 998 415 392 417 418 1105 65 425 420 435 434 675 3
443 444 439 445 446 358 15 447 4 662 292 683 1000 291 3 454 455 456 1219 51
409 334 318 414 413 319 245 197 318 196 415 392 417 418 1084 1110 1111 1126 425 420
15 358 0 662 4 292 291 3 454 455 456 1420 4 49 1418 1468 1470 1466 1471 1467
392 418 417 1084 1110 1111 1126 425 420 435 434 3 675 470 469 925 924 998 1000 440
447 15 358 1045 1145 4 292 3 291 455 454 456 1219 0 4 51 1218 1341 1339 1336
418 425 420 435 434 675 3 34 4 0 0 3 35 440 443 444 439 445 446 447
445 446 447 15 358 4 292 0 291 3 454 455 456 2820 4 77 2815 4975 4969 4966
334 764 197 763 413 414 196 764 415 392 417 418 425 420 435 434 1084 1110 1111 1126
763 440 81 4 1110 1111 1126 3 82 443 444 439 445 446 447 15 358 0 1045 1145
1084 1110 1111 1126 65 425 420 435 434 3 313 440 443 444 439 445 446 15 447 358
420 435 434 1084 1110 1111 1126 727 3 440 443 444 439 445 446 15 447 358 4 662
662 683 3 291 454 455 456 1219 4 51 1218 3364 3359 3362 3365 3341 10 10 10 10
446 15 447 358 292 4 662 683 291 3 454 455 456 1807 141 4 1809 2232 2225 2230
392 418 417 425 420 435 434 319 3 440 443 444 439 446 445 447 15 358 0 4
347 348 307 309 4 1180 310 3 361 359 363 364 308 366 0 4 273 274 3 396
434 3 313 440 443 444 439 445 446 15 447 358 292 662 4 683 3 291 454 455
439 445 446 447 15 358 1045 1145 0 4 292 291 3 454 455 456 2417 136 4 2416
446 15 447 358 0 3 4 4 292 0 3 291 51 4 52 3 454 455 456 1807
358 4 292 662 683 6199 6177 291 3 454 455 0 456 2820 77 4 2815 4975 4969 4966
338 339 342 343 15 345 344 346 347 348 307 4 309 3 310 361 359 363 364 366
196 81 406 407 11 411 333 82 335 720 16 11 30 16 30 30 16 12 12 918
425 420 435 434 925 924 469 470 998 767 953 675 3 440 443 444 439 445 446 1045
1111 1126 417 418 425 420 435 434 0 3 319 3 4 4 3 3 4 440 443 444
417 418 1084 1110 1111 425 420 435 434 1126 326 3 440 443 444 439 445 446 447 15
444 439 445 446 15 447 358 0 4 3 4 292 683 291 3 454 455 456 1219 0
447 358 292 4 291 3 454 455 456 1219 51 4 1218 1341 1339 1336 10 10 10 1424
445 446 447 15 358 0 464 465 469 470 240 4 49 162 3202 205 3212 166 4162 162
440 443 444 439 445 446 447 15 358 4 292 662 471 683 291 3 454 455 456 1420
675 3 4 3 440 443 444 439 445 446 447 15 358 292 4 3 291 454 455 456
414 413 245 197 319 196 318 415 392 417 418 425 420 435 434 3 319 440 443 444
918 409 16 334 81 245 414 82 413 197 196 81 415 392 1084 4980 44 470 469 2819
4 292 291 3 445 446 447 15 358 662 292 4 683 0 3 291 454 455 4 292
420 435 434 470 469 924 925 1189 4269 82 3 440 443 444 439 445 446 447 15 358
1126 425 420 435 434 3 319 440 443 444 439 445 446 15 447 358 3 4 292 4
196 415 392 417 418 425 420 435 434 3 315 440 443 444 439 445 446 447 15 358
315 440 443 444 439 445 1045 446 447 15 358 0 4 3 4 292 291 3 454 455
392 417 418 425 420 435 434 82 3 440 443 444 439 445 446 15 447 358 4 292
443 444 439 445 446 447 15 358 81 4 229 3 82 4 292 3 291 454 455 456
201 767 315 3 440 443 444 439 445 446 447 15 358 3 4 4 292 0 3 291
662 292 4 683 291 3 454 455 456 1219 51 4 1218 1341 1339 1336 1340 1337 10 10
439 445 446 447 15 358 4 292 662 1180 683 3 291 454 455 456 1219 4 51 1218
0 0 0 0 0 0 0 0 0 0 0 0 0 0 0 0 3 313 440 443
446 445 15 447 358 662 292 4 683 3 291 454 455 0 4 8 33 32 3 8
319 245 197 413 318 196 415 392 417 418 1084 1110 1111 1126 1170 425 420 435 434 319
1111 1126 5004 5001 998 1000 430 597 7013 4598 425 420 435 434 313 3 440 443 444 439
312 196 415 392 417 418 425 420 435 434 313 3 440 443 444 439 445 1045 1145 446
3 440 443 444 439 445 446 15 447 358 3 4 4 292 0 3 291 454 455 292
326 196 323 415 392 417 418 425 420 435 434 326 3 440 443 444 439 445 446 447
445 446 15 447 1045 5109 358 292 4 0 291 3 454 455 456 2820 77 4 2815 4975
418 0 425 420 435 434 675 3 440 443 444 439 446 445 447 15 358 0 662 292
925 998 442 441 465 464 1000 240 469 470 319 3 440 443 444 439 445 446 447 15
443 444 439 445 446 15 447 358 292 662 4 683 3 291 454 455 456 1420 49 4
420 0 435 434 3 675 3 4 440 443 444 439 445 446 447 15 358 292 4 3
420 435 434 3 675 440 443 924 925 465 464 998 240 469 470 444 439 445 446 15
15 358 447 0 292 4 291 3 454 455 456 1807 0 4 141 1809 2232 2225 2230 2231
1126 435 434 727 3 440 470 469 5004 5001 998 443 3 4 444 439 445 446 15 447
415 392 417 418 1084 1110 1111 1126 425 420 435 434 313 3 440 443 444 439 445 446
425 420 435 434 3 763 440 443 444 439 445 446 447 15 358 1045 1145 1000 0 662
446 445 15 447 358 4 292 291 3 454 455 456 1219 4 51 1218 1341 1339 1336 1337
275 15 276 239 297 238 298 317 316 419 3623 30 30 30 30 30 30 30 421 545
446 15 447 358 1045 1145 0 4 3 292 4 291 3 454 455 456 1807 141 4 1809
4 292 683 744 611 291 3 12 11 11 454 455 12 456 0 1807 4 141 1809 5724
443 444 439 445 446 15 447 358 4 292 662 683 291 3 454 455 456 1420 4 49
0 0 0 65 0 65 65 0 65 65 65 0 425 420 435 434 319 3 440 443
1126 417 418 425 420 435 434 3 315 440 443 444 439 445 446 15 447 358 4 3
32 3 8 445 446 447 15 442 441 358 464 465 240 201 744 0 292 4 291 3
418 425 420 435 434 1084 1110 1111 1126 465 464 470 469 882 881 744 3 763 440 443
446 447 15 358 0 3 4 292 4 0 683 3 291 454 455 456 1807 4 141 1809
446 15 447 358 292 4 662 1276 683 6616 3 291 454 455 456 1807 0 141 4 1809
469 925 924 4269 425 420 1126 435 434 1000 65 65 65 65 65 65 65 65 65 65
314 334 414 315 197 413 196 314 415 392 417 418 425 420 435 434 0 3 315 440
425 1110 1111 420 1126 435 434 3 313 440 443 444 439 445 446 447 15 4 3 4
469 470 415 392 417 418 425 420 435 434 1084 1110 1111 1126 82 3 440 443 444 439
727 3 440 443 444 439 445 446 447 15 358 4 292 0 3 291 454 455 456 1807
1110 1111 1126 425 420 435 434 0 3 727 440 443 444 439 446 445 15 447 358 4
469 420 1000 925 924 611 435 434 3 675 440 443 444 439 445 446 447 15 358 4
469 925 924 0 425 420 435 434 3 727 440 443 444 439 445 446 447 15 358 292
400 196 312 406 407 411 333 313 335 720 918 409 312 334 414 313 197 413 245 312
313 335 2059 1180 409 12 334 312 12 414 413 197 313 245 312 196 415 392 417 418
8 425 420 435 434 3 313 440 443 444 439 445 446 15 447 358 292 662 4 683
0 425 420 435 434 675 3 440 443 444 439 445 446 447 15 358 0 292 4 662
15 358 4 662 292 683 2435 3 291 454 455 456 1420 49 4 1418 1468 1470 1466 1467
318 415 392 417 418 1764 425 420 435 434 319 3 440 443 444 439 445 446 15 447
445 446 15 447 358 4 662 292 30 16 683 291 3 454 455 456 1219 51 4 1218
323 406 407 333 411 326 335 30 918 409 334 323 414 413 326 197 196 323 415 392
446 15 447 358 292 4 3 291 454 455 456 1045 1807 0 24577 5109 141 4 3 143
65 0 65 65 65 65 65 0 65 65 65 0 65 425 420 435 434 3 319 440
409 314 334 414 315 197 245 413 196 314 415 392 417 418 425 420 1084 435 434 1110
11 11 11 12 1001 12 12 12 69 881 882 464 465 925 924 415 392 417 418 65
415 392 417 418 425 420 435 434 313 3 440 443 444 439 445 446 447 15 358 292
440 443 444 439 445 446 447 15 358 292 662 4 683 291 3 454 455 456 1219 4
949 199 962 990 991 3 82 348 307 4 309 684 310 3 359 361 363 364 366 308
443 444 439 445 446 447 15 358 292 662 4 683 3 291 454 455 456 1219 4 51
334 318 414 319 413 245 197 196 318 415 392 417 418 1084 1110 1111 1126 12 11 12
443 444 439 445 446 447 15 358 1000 3 4 292 4 662 683 3 291 1045 454 455
435 434 313 3 440 443 444 439 445 446 15 447 358 4 662 292 6616 30 16 683
358 4 662 292 683 3 291 454 455 456 2820 77 4 2815 4975 4969 4966 4968 4970 10
358 4 292 662 16 30 683 3 291 454 455 456 2820 4 0 77 2815 4975 4969 4966
413 314 196 415 392 417 418 425 420 435 434 315 3 440 443 444 439 445 446 15
469 470 924 925 425 420 435 434 3 315 440 443 12 12 444 11 439 12 445 446
409 334 725 414 197 727 413 196 725 415 392 1084 1110 1111 1126 417 418 425 420 435
727 440 443 444 439 445 446 15 447 358 292 662 4 683 291 3 454 455 1045 1145
292 4 662 1000 201 441 442 683 3 291 454 455 456 1219 4 51 1218 1341 1339 1336
425 435 434 3 82 440 443 444 439 445 446 15 447 358 3 4 4 662 292 3
3 675 440 443 444 439 445 446 1045 447 15 358 1145 292 4 662 683 291 3 454
392 1084 1110 1111 1126 417 418 425 420 435 434 319 3 440 443 444 439 1045 445 446
440 443 444 439 445 446 15 447 358 4 292 662 683 291 3 454 455 456 1219 0
245 196 81 415 392 417 418 1084 1110 1111 1126 425 420 435 434 82 3 440 443 444
81 414 413 197 245 82 81 196 415 392 417 418 425 420 1084 435 434 9693 82 3
1110 1111 1126 65 0 425 420 435 434 315 3 440 443 444 439 445 446 447 15 358
415 392 417 418 0 65 65 65 65 0 65 65 0 0 0 65 8 33 319 32
326 3 440 443 444 439 445 446 447 15 1045 358 4 292 662 16 30 683 3 291
358 8 4 33 0 3 32 8 69 442 441 464 465 240 470 469 744 662 4 292
413 196 81 415 392 1084 1110 1111 1126 417 418 1000 469 470 425 420 435 434 82 3
444 439 445 446 447 15 358 662 4 292 16 683 470 469 3 291 454 455 456 1807
65 924 925 998 962 990 991 425 420 435 434 3 727 440 443 444 439 445 446 447
413 763 197 764 196 415 392 1084 1110 1111 1126 417 418 0 425 420 435 434 763 3
12 415 392 12 6540 4868 11 417 418 465 464 240 1000 12 7396 7377 11 425 420 435
291 3 454 455 456 1219 51 4 1218 1341 1339 1336 1340 1337 10 10 1319 1320 1344 1345
3 313 470 469 440 443 444 439 1000 446 445 15 447 358 662 4 292 16 2182 16
315 420 425 435 434 82 3 440 443 4 77 224 78 6859 0 0 0 0 6918 0
414 727 245 197 413 196 725 415 392 417 418 425 420 435 434 727 3 440 443 444
417 418 1126 425 420 435 434 3 82 440 443 444 439 445 446 15 447 358 662 4
1084 1110 1111 1126 65 425 420 435 434 925 924 442 441 998 1170 1093 1203 839 1000 953
447 358 292 4 662 471 3 291 454 455 456 1420 49 4 1418 1468 1470 1466 1471 1467
446 447 15 358 1045 292 4 662 683 3 291 454 455 456 1219 51 4 1218 1341 2486
418 0 425 420 435 434 313 3 440 443 444 439 445 446 15 447 358 0 4 3
314 334 414 413 315 245 197 314 196 415 392 417 418 1084 1110 1111 1126 2411 425 420
4 3 291 454 455 456 1420 4 49 1418 1468 1470 1466 1471 1467 10 10 10 10 1457
0 0 425 420 435 434 3 315 440 443 444 439 445 446 15 447 358 0 4 292
445 446 15 447 358 4 3 292 4 662 291 3 454 455 456 1219 4 51 1218 1341
334 414 413 675 197 245 196 676 415 392 417 418 425 420 435 434 1084 1110 1111 1126
1110 1111 417 418 1126 425 420 435 434 82 3 440 443 444 439 445 446 447 15 358
32 8 1 4 2 3 3271 44 1 4 2 1 2 63 64 51 52 234 235 51
447 15 358 662 292 4 683 3 291 454 455 456 2820 77 4 2815 4975 4969 4966 4968
1189 326 3 440 443 444 439 446 445 447 15 358 0 4 292 291 3 454 455 456
425 420 435 434 3 319 440 443 444 439 446 445 447 15 358 3 4 292 4 0
312 196 415 392 417 418 0 425 420 435 434 1000 470 469 924 925 998 313 3 440
447 358 292 4 3 291 454 455 456 1219 51 4 1218 1341 1339 1336 1340 1337 10 10
413 245 197 676 196 415 392 417 418 65 425 420 435 434 675 3 440 443 444 439
1045 445 446 447 15 358 0 292 4 3 291 454 455 1145 456 1219 4 51 1218 1341
197 245 196 323 415 392 417 418 425 420 435 434 0 1001 464 465 469 470 240 201
1084 1110 1111 1126 425 420 435 434 469 470 924 925 315 3 440 443 444 439 445 446
15 425 420 435 434 3 82 440 443 444 439 445 446 15 447 358 0 4 662 292
437 438 433 10 10 10 449 448 451 450 453 452 458 457 459 4 432 427 30 30
82 440 443 439 444 1045 445 446 447 15 358 662 4 292 683 4821 291 3 454 455
924 925 998 611 417 319 3 49 4 3202 162 205 166 3212 162 5995 242 50 1131 49
444 439 445 446 15 447 358 292 662 4 30 30 683 3 291 454 455 456 1807 4
725 414 197 413 727 725 196 415 392 417 418 420 425 435 434 1000 3 727 839 440
1110 1111 1126 435 434 82 3 440 443 444 439 445 446 15 447 358 1045 1145 0 4
392 417 418 1084 1110 1111 1126 425 420 435 434 3 313 440 443 444 439 445 446 447
445 446 15 447 358 292 4 0 291 3 454 455 456 1420 4 49 1418 1468 1470 1466
925 924 998 1000 3 319 440 443 444 439 445 446 447 15 358 4 292 662 1180 683
425 420 435 434 727 3 440 443 444 439 3 4 292 4 291 3 445 1045 1145 446
4 6484 683 291 3 454 455 456 2820 4 77 2815 4779 4788 4776 4780 4781 10 10 10
334 764 414 763 413 197 764 196 415 392 417 418 425 420 435 434 763 3 440 443
15 345 344 346 347 348 307 309 4 762 762 310 3 359 361 4 49 50 242 0
990 998 441 442 201 465 464 240 470 469 0 0 425 420 435 434 763 3 440 443
1110 1111 425 420 435 434 1126 3 727 464 465 881 882 470 469 925 924 1000 69 240
434 763 3 440 443 444 439 445 446 447 15 358 0 4 292 662 471 683 291 3
3 440 443 444 439 445 446 447 15 358 0 4 292 662 471 683 3 291 454 455
15 358 0 4 3 4 292 3 291 454 455 456 1807 0 4 141 1809 2232 2225 2230
413 727 196 725 415 392 1084 1110 1111 1126 417 418 0 65 0 0 425 420 435 434
409 334 314 414 245 197 413 315 196 314 415 392 417 418 1110 1111 1126 425 420 435
3 326 440 443 444 439 445 446 15 447 358 1000 470 469 3881 4 662 292 3 291
446 447 15 358 0 292 4 291 3 454 455 456 1219 0 51 4 1218 1341 1339 1336
392 1084 1110 1111 1126 417 418 425 420 435 434 763 3 440 443 444 439 445 446 447
15 447 358 662 292 4 683 3 291 454 455 456 1807 141 4 1809 2232 2225 2230 2231
312 413 414 197 313 312 196 415 392 417 418 65 65 0 425 420 435 434 3 313
444 439 445 446 15 447 358 0 662 292 4 291 3 454 455 456 2820 4 77 2815
675 3 440 443 444 439 445 446 15 447 358 4 292 291 3 454 455 456 1219 4
469 5004 5001 425 420 435 434 319 3 440 443 444 439 445 446 15 447 358 662 292
407 411 333 335 720 326 471 918 409 323 334 413 414 245 326 197 196 323 415 392
470 469 882 881 925 924 962 991 990 4512 151 998 425 420 435 434 3 727 440 443
422 423 0 428 431 436 437 438 433 10 10 449 448 450 451 453 452 776 779 790
0 229 229 0 229 229 0 229 229 229 229 229 0 229 229 33 8 326 32 323
425 420 435 434 469 470 925 924 3 675 440 443 444 439 445 446 15 447 358 4
435 434 1084 1110 1111 1126 82 3 440 443 444 439 445 446 15 447 358 292 4 662
434 44 6512 6613 6605 899 3 727 440 443 444 439 445 446 447 15 358 292 662 4
1126 1276 425 420 435 434 727 3 440 443 444 439 445 446 447 15 358 662 292 4
440 443 444 439 445 446 447 15 358 292 4 662 471 16 30 16 30 16 30 16
16 16 16 638 16 16 16 16 395 390 0 16 16 16 16 397 16 399 16 405
197 245 319 318 196 415 392 417 418 65 1001 0 882 881 924 925 962 991 990 151
4 683 291 3 454 455 0 456 1219 4 51 1218 1341 1339 1336 1340 1337 10 10 10
15 447 358 4 662 292 683 291 3 455 454 456 1219 4 51 1218 1341 1339 1336 1340
15 447 358 292 4 3 291 455 454 456 1807 0 4 141 49 143 242 50 0 243
445 15 447 358 4 3 292 4 0 3 291 454 455 456 1807 4 141 1809 2232 2225
82 3 440 443 444 439 445 446 447 15 358 292 4 662 1180 683 291 3 454 455
395 390 397 399 405 403 402 404 412 410 517 408 245 197 360 763 400 196 764 406
1110 1111 1126 417 418 7571 0 425 420 435 434 727 3 440 443 444 439 445 446 15
439 444 445 446 15 447 358 0 292 4 0 291 3 454 455 0 456 1219 51 4
414 413 727 197 245 725 196 415 392 417 418 2182 425 420 435 434 3 727 440 443
420 435 434 1117 839 1698 1000 727 3 440 443 444 439 445 446 15 447 358 0 4
447 358 4 292 662 1180 683 291 3 454 455 456 1219 0 4 51 1218 1341 1000 1339
444 439 445 446 15 447 358 662 4 292 2660 16 683 291 3 454 455 456 2417 136
4 3 445 446 447 15 358 4 292 662 6616 470 469 291 3 454 455 456 1219 4
1110 1111 1126 425 420 435 434 3 675 440 443 444 439 445 446 447 15 358 662 4
440 443 444 439 445 446 15 447 358 3 4 4 292 2660 683 16 3 291 454 455
435 434 82 3 440 443 444 439 445 446 447 15 358 292 662 4 6616 291 3 454
196 318 415 392 417 418 1000 65 425 420 435 434 319 3 440 443 444 439 446 445
15 358 662 4 292 683 3 291 454 455 0 456 1420 4 49 1418 1468 1470 1466 1471
415 392 417 418 425 420 435 434 82 3 440 443 444 439 445 446 15 447 358 0
4 292 3 291 454 455 456 1420 4 49 1418 1468 1470 1466 1467 1471 10 10 1457 1458
420 435 434 763 3 440 443 444 439 446 445 447 15 358 4 662 292 683 1421 3
435 434 319 3 440 443 444 439 445 446 15 447 358 4 292 662 683 3 291 454
389 218 393 391 398 394 395 390 397 399 405 403 402 404 412 410 517 408 360 82
414 197 245 413 313 312 196 415 392 417 418 425 420 435 434 313 3 440 443 444
445 446 447 15 358 0 292 4 291 3 454 455 456 1420 49 4 1418 1468 1466 1470
439 445 446 15 447 358 0 4 292 291 3 454 455 456 1420 4 49 1418 1468 1470
435 434 82 3 440 443 444 439 445 446 447 15 358 4 292 662 762 762 22046 30
15 358 292 4 662 6616 683 3 291 454 455 456 1219 0 51 4 1218 1341 1000 1339
440 443 444 439 445 446 15 447 358 0 4 662 292 683 291 3 454 455 456 1219
197 413 319 196 318 415 392 1084 1110 1111 1126 417 418 425 420 435 434 319 3 440
763 3 440 443 444 439 4 3 445 446 447 15 358 1045 0 1145 4 292 291 3
435 434 469 470 727 3 440 443 444 439 446 445 447 15 358 662 4 292 471 16
425 420 435 434 3 82 440 443 4 3 444 439 445 446 447 15 358 0 292 4
676 415 392 417 418 425 420 435 434 675 3 440 443 444 439 445 446 15 447 358
1084 9693 417 418 1000 420 425 435 434 675 3 440 443 444 439 445 446 15 447 358
4 81 1001 882 881 924 925 962 990 991 82 3 440 443 444 439 445 446 15 447
312 196 415 392 417 418 425 420 435 434 313 3 440 443 444 439 445 446 447 15
763 335 409 334 764 414 413 245 763 197 764 196 415 392 417 418 65 1084 425 420
245 197 413 727 725 196 415 392 417 418 425 420 435 434 727 3 440 443 444 439
446 447 15 358 662 4 292 471 683 291 3 454 455 456 1420 0 4 49 1418 1468
0 229 0 229 229 229 0 229 33 8 326 0 32 323 8 412 410 517 408 326
440 443 444 439 445 446 15 447 358 1045 292 4 0 291 3 454 455 456 1807 4
445 446 15 447 358 4 662 292 1180 683 3 291 5 5 5 5 454 455 456 1219
435 434 319 3 440 443 444 439 445 446 447 15 358 4 292 662 1000 683 2134 6679
1000 440 443 444 439 445 446 447 15 358 292 4 662 291 3 454 455 456 1045 1219
4 4 292 291 3 454 455 456 1219 51 4 1218 1341 1339 1336 1340 1337 10 10 1320
323 414 326 413 197 323 196 415 392 417 418 425 420 0 435 434 3 326 440 443
4 292 0 291 3 454 455 456 1219 4 51 1218 1341 1339 1336 1340 1337 10 10 1319
2059 918 409 334 318 414 240 469 470 413 319 245 197 196 318 415 392 417 418 1084
1084 417 418 1110 1111 425 420 435 434 1126 3 319 440 443 444 439 445 446 15 447
420 435 434 3 319 440 443 444 439 445 446 447 15 358 4 292 662 683 291 3
404 11 12 11 12 12 412 410 11 11 12 517 408 245 197 763 360 2182 30 16
435 434 3 82 440 443 444 439 445 446 15 447 358 1045 0 1145 292 662 4 683
434 82 3 440 443 444 439 445 446 447 15 358 3 4 292 4 3 291 454 455
292 291 3 445 446 15 447 358 0 4 292 3 291 454 455 456 1219 0 51 4
434 0 229 229 0 229 0 0 229 0 229 229 229 0 229 326 3 440 443 444
82 3 440 443 444 439 445 446 15 447 358 4 292 662 683 3 291 454 455 456
445 446 15 447 358 0 292 4 3 291 454 455 456 1807 141 4 1809 2232 2225 2230
1000 409 312 334 414 197 313 413 245 196 312 415 392 417 418 0 425 420 435 434
323 33 8 2978 3018 15 326 3 440 443 444 439 445 446 15 447 358 4 662 292
1298 1279 0 6842 30 476 477 480 481 13 261 1280 282 260 285 283 0 289 284 490
662 292 683 291 3 454 455 456 0 1219 51 4 1218 1341 1339 1336 1340 1337 10 10
326 245 197 323 196 415 8 33 326 323 32 8 392 417 418 65 425 420 1084 1110
447 15 358 0 4 3 442 441 464 465 470 469 240 1000 4 292 0 291 3 454
413 197 319 318 196 415 392 417 418 425 420 435 434 319 3 440 443 444 439 445
918 409 334 312 414 413 245 313 197 312 196 1084 1110 1111 415 392 417 418 1126 65
0 65 65 675 3 34 4 0 1255 1255 0 0 469 470 476 477 1000 430 7628 0
444 439 445 446 15 447 358 0 4 292 662 683 3 291 455 454 456 1420 0 4
4 292 291 3 454 455 456 1807 4 141 1809 2232 2225 2230 2231 2233 10 10 2160 442
82 3 4 8 33 3 32 8 440 443 444 439 445 446 447 15 358 0 292 4
764 196 415 392 417 418 65 425 420 435 434 0 763 3 440 443 3 4 444 439
308 4 0 273 647 686 699 0 708 3 274 396 401 0 422 423 3 4 428 431
440 443 444 439 445 446 447 15 358 1045 1145 0 4 3 4 292 662 683 3 291
1110 1111 1126 326 3 440 443 444 439 445 446 15 447 358 292 662 4 683 3 291
418 425 420 435 434 3 82 440 443 444 924 925 439 469 470 445 446 447 15 358
3989 0 229 0 425 420 435 434 3 82 440 443 444 439 445 446 447 15 358 0
4 2 81 417 418 425 420 435 434 3 82 464 465 470 469 240 440 443 444 439
1275 1297 1274 0 1279 1298 6484 0 1280 261 282 260 283 285 0 284 289 290 490 0
197 196 323 415 392 417 418 425 420 435 434 326 3 440 443 444 439 445 446 15
196 318 415 392 1084 1110 1111 417 418 1126 425 420 435 434 319 3 440 443 444 439
326 197 323 196 415 392 417 418 65 65 425 420 435 434 326 3 440 443 444 439
358 4 662 292 683 291 3 454 455 456 1420 4 49 1418 1468 12 1470 1466 11 12
447 15 358 4 292 3 291 454 455 456 1420 4 49 1418 1468 1470 1466 1467 1471 10
1084 415 392 1110 1111 1126 417 418 65 425 420 435 434 3 82 440 443 444 439 445
440 443 444 439 445 446 447 15 358 0 292 4 3 291 454 455 456 1219 51 4
358 1045 4 3 1145 4 292 3 291 454 455 456 2417 136 4 2416 3139 3138 3145 3152
392 417 418 0 0 425 420 435 434 315 3 440 443 444 439 445 446 15 447 358
1084 1110 1111 1126 763 3 440 443 444 439 445 446 15 447 358 0 1045 1145 292 4
881 882 962 991 990 892 1027 767 953 925 924 240 201 998 727 3 440 443 444 439
4 273 686 274 3 401 396 0 422 423 428 431 436 437 438 433 10 10 449 448
292 291 3 4 51 52 3 445 446 447 15 358 0 662 4 292 683 3 291 454
392 417 418 65 65 425 420 0 435 434 315 3 440 443 444 439 445 446 447 15
443 439 444 445 446 15 447 1045 358 4 662 292 683 291 3 5109 454 455 456 1420
1000 611 417 418 425 420 435 434 3 319 440 443 444 439 445 446 15 447 358 292
292 683 291 3 454 455 456 1219 4 51 1218 1341 1339 1336 1340 1337 10 10 1320 1319
3 675 440 443 444 439 1000 445 446 15 447 358 4 292 662 16 30 683 291 3
4 662 292 471 683 3 291 454 0 455 456 1420 4 49 1418 1468 1470 1466 1471 1467
333 313 335 2059 918 409 334 312 414 413 197 313 196 312 415 392 1084 417 418 1110
415 392 417 418 425 420 435 434 3 763 440 443 444 439 446 445 447 15 358 0
1126 82 3 440 443 444 439 292 4 0 291 3 445 446 15 447 358 292 4 662
744 470 469 476 477 480 481 1539 1588 1587 1631 1630 1664 1702 1662 1699 1198 1256 1197 1257
435 434 3 315 440 443 444 439 445 446 447 15 358 292 662 4 4295 683 3 291
1110 1111 435 434 313 3 440 443 444 439 445 446 447 15 358 4 662 292 683 1000
334 81 82 413 197 414 245 196 81 1084 1110 1111 415 392 1126 418 417 0 425 420
197 413 196 318 415 392 417 418 65 0 0 65 65 65 0 65 65 65 0 425
447 358 0 4 3 4 292 0 3 291 454 455 456 1219 51 4 1218 1341 1339 1336
445 446 15 447 358 662 4 292 683 3 291 454 455 456 2820 77 4 2815 4779 4788
4 4 292 0 291 3 454 455 456 1219 51 4 1218 1341 1339 1336 1337 1340 10 10
82 8 33 81 32 8 33 82 81 32 8 425 420 435 434 8 33 82 81 32
425 420 435 434 3 763 440 443 444 439 3 4 4 292 683 291 3 445 446 15
434 469 470 924 925 326 3 440 443 444 439 446 445 447 15 358 662 4 292 16
662 292 683 3 291 454 455 456 1219 51 4 1218 1341 1339 1336 1340 1337 10 10 10
197 245 413 326 196 323 1084 1110 1111 415 392 1126 417 418 425 420 435 434 3 326
447 15 358 4 292 3 291 454 455 456 1807 4 141 1809 2232 2225 2230 2231 2233 10
82 413 197 245 196 81 415 392 417 418 1084 1110 1111 1126 425 420 435 434 3 82
13963 13963 13963 839 839 839 839 386 387 388 389 393 391 398 394 395 390 397 399 405
439 445 446 15 447 358 4 292 0 3 291 454 455 456 1807 141 4 1809 2232 2225
675 3 440 443 444 439 445 446 447 15 358 292 4 291 3 454 455 456 1807 4
15 358 0 292 662 4 683 291 3 454 455 456 2417 0 136 4 2416 3139 3145 3138
764 415 392 417 418 425 420 435 434 763 3 440 443 444 439 445 446 15 447 358
15 447 358 4 292 291 3 454 455 456 1219 0 4 51 1218 1341 1336 1339 1340 1337
392 417 418 425 420 435 434 326 3 440 443 444 439 445 446 15 447 358 662 292
1111 1126 417 418 425 420 435 434 727 3 440 443 444 439 445 446 15 447 358 292
81 196 406 407 0 411 333 82 335 918 409 334 81 414 82 413 197 81 196 415
1111 1126 417 418 65 924 925 998 470 469 1000 425 420 435 434 3 82 440 443 444
3 440 443 444 439 445 446 15 447 358 4 662 292 683 3 291 455 454 1045 456
415 392 1110 1111 1126 417 418 425 420 435 434 675 3 440 443 444 439 1045 1145 445
1111 1126 65 425 420 435 434 319 3 469 470 440 443 444 439 445 446 15 447 358
443 444 439 445 446 15 447 358 4 292 291 3 454 455 456 1420 49 4 1418 1468
434 319 3 8 33 4 3 32 8 440 443 444 439 445 446 447 15 358 662 4
420 435 434 3 326 440 443 444 439 445 446 447 15 358 0 1045 1145 292 662 4
1111 1126 65 0 425 420 435 434 675 3 440 443 444 439 445 446 447 15 4 3
379 10 384 385 386 387 1001 388 389 393 391 398 394 395 390 397 399 405 403 402
1001 1000 425 420 435 434 881 882 924 925 962 991 990 998 442 441 3 326 440 443
417 418 1110 1111 1126 0 425 420 435 434 3 727 440 443 444 439 446 445 15 447
440 443 444 439 446 445 447 15 358 292 4 291 3 454 455 0 456 1807 4 141
409 81 334 414 413 197 82 196 81 415 392 417 418 65 425 420 435 434 3 82
0 425 420 435 434 0 675 3 440 443 444 439 445 446 447 15 358 0 292 4
440 443 444 439 445 446 15 447 358 292 4 291 3 454 455 456 1420 4 49 1418
82 440 443 444 439 445 446 15 447 358 0 4 292 291 3 454 0 455 456 1420
434 326 3 440 443 444 439 445 446 15 447 358 0 4 292 291 3 454 455 456
1141 0 0 0 184 21 2940 0 22 183 0 21 184 22 183 51 184 52 1 2
15 6132 333 335 675 33 8 334 676 32 15 15 8 8 33 675 32 676 15 8
326 3 440 443 444 439 445 446 1045 15 447 358 662 292 4 683 291 3 454 455
415 392 417 418 425 420 435 434 3 326 440 443 444 439 445 446 15 447 358 4
440 443 444 439 445 446 447 15 358 0 292 4 662 5634 1180 683 291 3 454 455
465 240 881 882 16 4532 409 323 334 414 413 197 326 323 196 415 392 1084 417 418
413 196 725 415 392 417 418 0 425 420 435 434 727 3 440 443 444 439 445 446
469 470 924 925 434 998 3 326 440 443 444 439 445 446 447 15 358 4 292 662
292 291 3 445 446 15 447 358 4 292 5634 0 291 3 454 455 456 1219 51 4
439 445 446 447 15 358 0 4 3 292 4 291 3 454 455 1692 456 1807 4 141
434 0 727 3 440 443 444 439 1045 1145 445 446 447 15 358 4 292 291 3 454
414 315 245 413 196 314 415 392 417 418 425 420 435 434 3 315 440 443 444 439
417 418 1110 1111 1126 425 420 435 434 82 3 440 443 444 439 445 446 447 15 358
1110 1111 1126 470 469 924 925 998 1189 425 420 435 434 82 3 440 443 444 439 445
892 953 1027 469 470 882 881 1189 962 990 991 313 3 440 443 444 439 445 446 447
65 425 420 1000 1704 465 464 240 470 469 1189 8 33 326 323 32 15 8 15 69
446 447 15 358 4 662 292 683 3 291 454 455 456 1420 4 49 1418 1468 1470 1466
406 407 411 333 82 335 2059 409 334 81 414 197 82 413 196 81 415 392 417 418
447 358 292 662 4 6636 1180 683 3 291 454 455 456 1219 4 51 1218 1341 1339 1336
764 415 392 417 418 425 420 435 434 763 3 440 443 444 439 445 446 15 447 358
196 81 415 392 417 418 425 420 435 434 3 82 440 443 444 439 445 446 15 447
358 0 4 292 291 3 454 455 456 1219 51 4 1218 1341 1339 1336 1340 1337 10 10
3 440 443 444 439 445 446 447 15 358 4 662 292 683 3 291 454 455 456 1420
4 291 3 454 455 456 1807 4 141 1809 2232 2225 2230 2231 2233 10 10 10 10 2164
443 444 439 445 446 447 15 358 292 662 4 683 3 291 1599 454 455 2617 456 1420
445 446 447 15 358 0 292 4 291 3 454 455 456 1045 1219 51 4 1218 1341 1339
15 358 4 292 662 683 3 291 454 455 456 1420 4 49 1418 1468 1470 1466 1471 1467
196 415 392 1084 1110 1111 1126 417 418 425 75 469 420 470 435 434 763 3 440 443
420 435 434 3 727 440 443 444 439 445 446 15 447 358 4 662 292 683 8625 3
323 196 415 392 417 418 1276 65 425 420 435 1084 1110 1111 1126 434 469 470 925 924
469 924 925 425 420 998 435 434 82 3 440 443 444 439 445 446 447 15 358 0
764 415 392 417 418 65 65 65 425 420 435 434 0 3 763 440 443 444 439 445
725 415 392 1084 1110 1111 1126 417 418 425 420 435 434 3 727 440 443 444 439 445
417 1084 1110 1111 1126 425 420 435 434 319 3 440 443 444 439 445 446 447 15 358
3 326 440 443 444 439 445 446 15 447 358 4 3 4 292 291 3 454 455 456
420 435 434 218 0 0 229 0 0 0 1322 611 1273 229 326 3 440 443 444 439
425 420 435 434 326 3 440 443 444 439 445 446 15 447 358 1045 1145 292 662 4
470 469 924 925 409 725 334 414 197 727 413 725 196 415 392 417 418 1084 1110 1111
443 444 439 445 446 15 447 358 662 4 292 1276 1276 16 30 683 6636 291 3 454
333 335 82 918 409 334 81 414 413 82 197 196 81 1084 415 392 1110 1111 1126 417
15 447 358 1045 0 1145 292 662 4 683 291 3 454 455 456 1420 49 4 1418 1468
358 0 4 3 4 292 3 291 454 455 456 1219 4 51 1218 1341 1339 1336 1340 1337
439 445 446 447 15 358 292 4 291 3 454 455 456 1219 51 4 1218 1341 1336 1339
392 417 418 65 65 0 420 425 435 434 319 3 440 443 444 439 445 446 15 447
763 3 440 839 1117 1027 443 444 439 445 446 447 15 358 662 4 292 16 30 30
196 676 1084 1110 1111 1126 415 392 417 418 65 65 65 65 65 425 420 435 434 675
15 447 358 0 4 292 291 3 454 455 456 1045 1145 0 2417 4 136 2416 3139 3145
358 0 4 3 4 292 0 3 291 454 455 456 1219 4 51 1218 1341 1336 1339 1340
406 407 411 333 720 335 82 409 81 334 414 197 82 413 245 196 81 415 392 417
447 358 1045 1145 662 4 292 291 3 454 455 456 1219 4 51 1218 1341 1339 1336 1340
15 358 4 3 4 292 291 3 454 455 456 1219 4 51 1218 1341 1339 1336 1340 1337
313 440 443 444 439 445 446 15 447 358 292 662 4 683 3 291 454 455 0 456
3 440 443 444 439 445 446 447 15 358 4 292 291 3 454 455 456 2417 4 136
447 15 358 0 4 292 662 683 291 3 454 455 456 1219 4 51 1218 1341 1339 1336
446 445 15 447 358 0 292 662 4 683 6636 430 3 291 454 455 456 1420 49 4
3 319 4 1 183 2 5393 5549 2841 9118 12891 135 4251 3531 1000 8523 3754 477 476 12891
434 3 675 440 443 444 439 445 446 15 447 358 4 292 662 6616 683 3 291 454
1180 683 3 291 454 455 456 1219 4 51 1218 1341 1339 1336 1340 1337 10 10 1320 1319
3 428 431 436 437 438 433 10 10 449 448 450 451 453 452 776 779 790 791 747
443 444 439 445 446 15 447 358 292 4 291 3 454 455 456 1219 4 51 1341 1218
439 445 446 15 447 358 0 4 3 4 292 0 291 3 1045 454 455 456 1219 4
675 440 443 444 439 445 446 15 447 358 292 662 4 7033 683 291 3 454 455 456
315 3 33 4 8 32 3 8 32 3 4 33 8 3018 15 5 2766 2978 1000 469
434 763 3 440 443 444 439 445 446 15 447 358 1045 1145 4 662 292 683 291 3
420 435 434 1000 326 3 440 443 444 439 445 446 15 447 358 662 292 4 683 291
0 82 3 440 443 444 439 445 446 447 15 358 0 1045 1145 292 4 291 3 454
4 292 0 291 3 454 455 456 1219 4 51 1218 1341 1339 201 1336 1340 1337 10 10
420 435 434 0 3 727 4 3 440 443 444 439 445 446 15 447 358 4 292 0
392 417 418 1000 924 925 420 425 435 434 727 3 440 443 444 439 445 446 15 447
727 413 245 196 725 12 415 392 12 12 11 417 418 12 425 420 11 435 434 470
360 197 313 400 4094 312 196 406 407 411 333 335 313 409 334 312 414 313 197 413
447 15 358 4 662 292 762 683 291 3 454 455 456 1420 49 4 1418 1468 1470 1466
415 392 1084 1110 1111 1126 417 418 425 420 435 434 763 3 440 443 444 439 445 446
447 358 4 3 292 4 0 291 3 454 455 456 1219 51 4 1218 1341 1336 1339 1340
447 358 4 292 291 3 454 455 456 1219 0 4 51 1218 1341 1339 1336 1340 1337 10
470 469 3 727 440 443 444 439 445 446 15 447 358 4 662 292 683 291 3 454
413 82 81 196 415 392 417 418 425 420 435 434 82 3 440 1045 5109 443 444 439
174 143 49 2501 2600 2606 2644 2610 205 166 3274 162 4162 50 141 49 143 166 4205 4162
675 3 440 443 444 439 445 446 447 15 358 292 662 4 683 291 3 454 455 456
447 15 358 662 4 292 683 291 3 454 455 456 1420 49 4 1418 1468 1470 1466 1471
1111 1126 65 0 425 420 435 434 313 3 440 443 444 439 445 446 447 15 358 0
1126 417 418 425 420 435 434 173 11411 173 229 229 229 229 229 229 229 229 229 229
358 4 292 3 291 454 455 456 1219 0 51 4 1218 1341 1339 1336 1340 1337 10 10
899 1000 222 9 415 392 417 418 65 425 420 435 434 727 3 440 443 444 439 445
392 417 418 1084 1110 1111 1126 425 420 435 434 924 925 998 1000 82 3 440 443 444
420 435 434 727 3 440 443 444 439 1045 445 446 1145 15 447 358 0 4 292 3
292 3 291 454 455 456 1420 49 4 1418 1468 1470 1466 1471 1467 10 10 1457 1458 1476
197 675 676 196 415 392 417 418 1084 1110 1111 1126 0 425 420 435 434 3 675 440
445 446 15 447 358 0 4 3 292 4 291 3 454 455 456 1219 51 4 1218 1341
392 417 418 0 425 420 435 434 675 3 440 443 444 439 445 446 15 447 358 0
334 81 413 197 82 414 196 81 415 392 417 418 0 425 420 435 434 3 82 440
434 3 319 440 443 444 439 445 446 447 15 358 1045 292 4 291 0 3 454 455
439 446 445 15 447 358 4 662 292 683 291 3 454 455 456 2820 77 4 2815 4975
412 410 517 408 360 82 245 197 400 81 196 406 407 411 333 82 720 335 918 409
196 312 415 392 418 417 0 425 420 435 434 1084 1110 1111 0 1126 3 313 440 443
962 991 990 430 151 8 4 33 3 32 8 32 4 33 3 8 3051 440 443 444
417 418 425 420 435 434 3 313 440 443 444 439 445 446 15 447 358 662 292 4
323 196 415 392 417 418 425 420 435 434 1084 1110 1111 326 3 440 443 444 439 445
3 440 443 444 439 445 446 447 15 358 3 4 4 292 3 291 454 455 456 1807
30 918 409 334 323 464 465 240 414 326 197 413 245 196 323 415 392 1084 417 418
1111 1126 0 425 420 435 434 313 3 440 443 444 439 445 446 447 15 358 1045 1145
409 676 334 414 675 413 197 196 676 415 392 417 418 0 65 420 425 435 434 3
439 445 446 4 292 0 291 3 15 447 358 0 292 4 662 683 3 291 454 455
1110 1111 425 420 435 434 1126 82 3 1045 3 4 440 443 444 439 445 446 15 447
439 445 446 15 447 358 662 292 4 683 469 470 291 3 454 455 456 1807 4 141
440 443 444 439 445 446 447 15 358 4 662 292 683 3 291 454 455 456 1219 51
447 15 358 0 4 3 292 4 291 3 454 455 456 1219 51 4 1218 1341 1339 1336
313 3 440 443 444 439 445 446 15 447 358 292 662 4 683 3 291 454 455 456
443 444 439 445 446 4 292 0 291 3 15 447 358 0 292 4 291 3 454 455
0 3 313 440 443 444 439 292 4 0 291 3 4 292 3 291 292 4 291 3
449 451 450 452 453 458 457 459 427 4 432 135 429 3 461 460 15 463 462 4
440 444 439 445 446 15 447 358 1045 1145 0 4 292 3 291 454 455 456 1219 0
409 334 314 414 315 197 245 413 314 196 1084 415 392 1110 1111 1126 417 418 425 420
333 411 335 727 918 409 725 334 727 413 414 197 196 725 415 392 417 418 425 420
415 392 417 418 0 0 425 420 435 434 3 315 440 443 444 439 446 445 15 447
15 447 358 4 3 4 292 3 291 454 455 456 2820 4 77 2815 4975 4969 4966 4968
675 440 443 444 439 445 446 447 15 358 662 292 4 471 683 3 291 454 455 456
465 464 470 469 240 727 3 440 443 444 439 445 446 447 15 358 4 292 291 3
82 3 440 443 444 439 1045 445 446 447 15 358 1145 4 292 0 291 3 454 455
358 292 662 4 16 1180 683 3 291 454 455 0 456 1219 4 51 1218 1341 1339 1336
291 3 454 455 456 2820 4 77 2815 4779 4788 4776 4780 4781 10 10 10 10 33 78
3 454 455 456 1807 4 141 1809 2232 2225 2230 2231 2233 10 10 2160 2164 2229 2227 2235
33 763 8 764 32 8 412 410 517 408 360 245 763 197 201 400 744 611 764 196
727 245 197 725 196 415 392 417 418 425 420 435 434 1084 1110 1111 1126 727 3 440
953 420 425 435 434 3 313 440 443 444 439 445 446 15 447 358 292 4 860 44
447 15 358 0 4 292 0 291 3 454 455 456 1807 4 141 1809 2232 2225 2230 2231
3 326 440 443 444 439 446 445 15 447 358 0 292 4 3 291 454 455 456 1807
440 443 444 439 445 446 447 15 358 4 662 292 6636 1088 683 291 3 454 455 456
3 440 443 444 439 445 446 447 15 358 4 292 662 683 291 3 454 455 456 1420
3 326 440 443 444 439 445 446 15 447 358 4 292 3 291 469 470 455 454 456
3 313 440 443 444 439 446 445 447 15 358 4 292 662 1180 683 291 3 454 455
991 924 925 998 3 82 440 443 444 439 445 446 15 447 358 470 469 0 1189 2858
3 454 455 456 1219 0 4 51 1218 1341 1339 1336 1340 1337 10 10 1320 1319 1344 1345
415 1084 1110 1111 1126 392 417 418 65 65 425 420 435 434 675 3 440 443 444 439
333 335 313 1276 918 409 334 312 414 413 313 197 312 196 415 392 417 418 0 425
413 319 414 197 245 196 318 415 392 1084 1110 1111 1126 417 418 425 420 0 435 434
