11771 2250 15813 9287 866 5606 5606 11533 5378 3178 3178 9965 16311 6931 5699 3178 12936 5699 5699 745 3178 2927 5699 16311 1856 16311 4456 16311 3178 3178 5699 9853 9853 13905 3178 11195 13198 3435 9287 138 16725 138 138 138 13391 16311 11771 2671 16710 9287 4137 4137 10986 16224 11388 10386 10103 13391 13391 9372 2669 9287 2669 9701 2008 2694 5890 9287 2496 2468 2008 2669 711 3178 2669 5835 8411 8411 8411 8411 8411 8411 8411 8411 8411 8411 8411 8411 8411 8411 8411 8411 8411 8411 12214 13391 9372 2669 951 5604
12301 14504 6877 6610 3382 9287 12635 531 1856 1555 13203 3262 12635 7895 10114 4085 5606 5089 7895 5606 5089 5606 3262 5606 15864 15864 5606 3262 5606 5606 5606 3262 3262 5606 5606 3262 5606 3262 3262 3262 5606 5606 5606 5606 5606 5606 5606 3262 5606 3262 5606 3262 3262 13442 5606 3262 3262 3262 5606 5606 5606 3262 5606 5606 5606 5606 5606 5606 5606 3262 5606 5606 5606 3262 3262 3262 16227 5606 5606 5606 5606 5606 5606 5089 5606 5606 5606 5606 3262 3262 3262 5606 5606 3262 5606 5606 5606 3262 5606 5606
14008 531 2669 6027 12023 866 7895 3318 2191 15871 1931 6535 10666 7473 2761 16234 8219 2761 16311 10088 4137 2551 9965 15324 16311 9635 4137 6004 15324 5548 8084 5799 6805 5942 15805 6103 13066 9635 10844 15324 5548 12948 9287 13066 13066 15324 6106 15324 15324 12948 12948 12214 531 13391 1513 5604 13188 9345 13188 4277 13188 6323 6925 138 8411 8411 8411 8411 8411 8411 8411 8411 8411 9287 9457 9372 12948 9372 10838 13138 2865 5949 335 10838 962 1730 15879 7308 1375 9238 1749 14952 3178 5862 14149 3178 8661 5301 6213 6213
1172 3178 14104 194 272 1325 7895 2669 9223 2712 11767 9965 13391 16311 14504 9287 6323 138 6323 13391 5131 9287 14616 9679 2842 3178 4066 3178 3178 3178 4066 16565 12765 13391 9287 13391 13391 13222 1856 12537 16710 13144 9372 9287 4137 4137 4137 9287 13391 14604 1529 14604 14604 13391 11303 5890 12272 3341 2074 11771 5890 5880 6338 2008 17006 2468 11303 4326 2468 9939 3178 8831 7635 8440 15383 10081 12214 1856 1937 9939 9382 2819 15383 7635 14504 13391 7895 13329 13391 1193 15362 6323 3291 12550 1931 2981 12765 12805 6323 16538
9965 6640 6651 7895 2669 9635 6923 6561 7895 15871 335 17001 14138 11265 11265 2488 7175 2312 2312 380 4218 9198 7126 9132 14213 11285 14591 14591 16529 14591 8192 8192 14530 2407 4777 2407 8878 14530 866 5523 14127 9372 9287 9345 15429 9254 6387 6387 15974 6416 6416 1856 2904 12948 9287 7359 14333 9345 9287 14557 14333 1207 14263 1557 13371 9774 5507 5507 9287 13391 9345 10177 11560 9345 16257 14557 16887 13391 13391 13391 132 5378 471 8613 9287 2981 9287 9287 12214 1207 9223 9823 1557 11317 3089 7379 4881 14660 5592 14219
1459 12023 9223 14786 16363 2669 10379 7895 531 6063 7895 12822 7895 16311 7895 7895 5606 7095 7895 5606 7895 5606 7895 7895 7895 7895 7895 7895 7095 5606 7895 7095 7895 7895 5606 7895 5606 7895 7095 7895 7895 7895 7095 5606 7095 5606 7095 14955 13643 8784 9287 17003 9841 16311 12023 6559 16734 9372 3178 12936 6192 3879 3178 531 6192 12298 16311 112 15324 16311 1931 6192 6323 12805 138 13391 138 16725 12322 6323 16016 4277 6323 9464 138 16581 12214 9464 16538 12214 12214 16016 138 138 6877 13391 13391 14324 11771 652
12236 7489 5989 12765 9894 2712 5699 14020 6762 13066 1938 4551 10840 115 115 13198 13198 13198 13198 4555 13198 13198 10065 13198 11218 13198 13198 13198 13198 13198 13198 13198 5417 3237 14232 15817 3382 3237 16593 13198 13198 11444 11444 7451 7703 12246 9011 14236 4680 9849 14256 3816 7237 3981 16249 1759 16249 13226 3816 7237 16249 866 12765 12765 5534 5603 2058 10750 16311 10733 5583 7747 9437 2669 12437 7795 4582 4582 2899 2669 16531 2981 12235 12235 12235 12235 1827 12235 12235 5694 5694 5694 12235 12235 12235 5694 12235 5694 12235 12235
16896 531 15871 15018 6916 13222 16311 7470 7165 15167 15813 14729 14937 2958 13658 2669 10145 4221 13249 3178 16311 4034 13658 2669 10145 16311 8129 13006 16311 4034 13658 2669 711 2669 2669 10374 12002 10088 16823 4989 13658 9287 3178 8647 13006 4034 6986 10145 10145 12002 13006 4034 9742 10145 10145 16311 5395 16311 4034 9287 2669 2669 16311 13006 13006 13249 13006 13006 16311 4034 13658 10145 10145 8803 13006 4034 13658 2671 2981 2981 3695 16836 4066 12868 12765 13391 13391 13391 11771 12537 16710 9372 5624 12537 9287 6323 13391 13066 10756 3666
16159 5880 7793 3178 2669 1235 15732 1377 7895 9768 15871 11701 12550 1938 5160 15876 3318 3318 4068 1938 14634 14786 2904 15429 8084 12550 3318 4068 1938 14786 687 1938 1938 14786 2904 10063 13582 8357 12550 3318 1938 16341 6192 14634 14786 12550 15429 14504 2832 14196 4298 2904 2904 9537 12550 13198 2904 710 2669 6263 16311 3178 6819 11245 8715 711 2669 2669 3178 5500 9287 172 11245 11245 16311 8715 11401 711 3178 2669 10710 3178 16311 16511 8440 814 16896 10710 11303 2750 12193 2669 2669 937 11353 13905 9287 16311 13391 11771
1932 14649 8684 12783 5880 6186 1207 2669 7770 6986 15429 7457 11741 4298 15061 9372 9372 8305 16081 8405 7895 1315 1315 7447 13194 15353 9214 9214 9214 4779 121 13493 4873 12794 5078 10493 5034 13198 15264 1723 13198 114 10327 13864 8356 14892 15109 7157 1931 15429 9345 1931 12948 5851 14634 10477 14786 4298 2904 8084 4277 12550 4068 8736 1938 8736 2904 2904 6610 7024 8084 3318 1938 1938 3062 14786 2904 3062 14786 4298 14786 8084 8084 3318 6877 1938 3789 687 3680 16377 16377 14786 15429 7359 13391 7359 14937 9287 6192 6192
15924 2468 668 1931 139 2669 1931 8315 4722 2468 16311 16311 12635 9223 2791 12214 9221 138 6378 16981 9287 14324 16205 7029 750 9638 10482 2120 2833 9157 1087 3178 3178 3178 11017 531 11029 7877 3178 9742 10150 2927 14421 12763 11026 383 5589 9685 6548 851 6877 7376 7376 7376 1173 13015 3094 5107 30 668 6561 6561 3178 2555 1144 10768 1909 14224 1909 16441 13204 1414 1414 1414 750 14504 1414 15492 112 11745 15623 10980 3519 4002 9078 10923 15618 15618 3178 2927 5274 112 112 4083 11847 14504 14504 386 7878 386
3178 820 2669 12023 12258 12812 1172 2254 7895 7895 7793 15264 14965 8563 969 7686 1971 12537 15138 15324 13066 9635 9635 12362 15324 15429 8084 6805 15805 13066 13066 9635 15986 15429 15324 12948 12948 12948 12537 16710 12537 16710 14333 16710 9345 1931 9986 9254 9986 4590 11353 1622 7617 6877 5899 14108 5494 5494 15429 13391 2671 16311 13983 17 13734 12948 2999 2999 2999 12948 12277 3220 13222 5548 16896 5084 1613 12763 13116 3178 6575 12850 11209 9287 5311 702 6378 2669 9702 9287 9287 11311 3510 9287 13391 16725 8438 6323 10016 12214
7950 3178 12657 3244 15613 6484 13144 13144 6263 15393 13144 6877 16823 11771 11771 1172 951 2669 4706 5791 15352 3773 4066 2669 16823 10840 12822 13066 3666 13468 13316 16311 492 2669 5442 11595 13465 5919 4326 3592 3178 1730 7935 1533 11604 11604 7935 11604 6199 7935 7935 7935 7935 16531 7935 7935 7935 7935 7935 7935 7935 13391 3178 11105 11808 5699 7935 7935 11808 15156 9923 6096 11185 9941 9941 4072 9941 9941 10627 5989 4456 8978 8978 6561 6097 1172 1931 1207 7290 6097 12108 16311 10129 6263 6263 16896 13446 2953 3178 13385
12837 745 3178 6192 16997 1567 3382 15365 7895 2669 6192 13066 12822 12023 16311 14331 16311 2669 14649 531 531 531 6192 6192 6192 6192 14008 531 6418 2669 9287 5871 7854 14052 14052 15429 10250 3695 287 12868 10549 6710 9124 12023 7494 2669 10549 8863 15108 4187 9983 9287 9287 2146 1931 13905 112 13391 14238 6097 9511 451 2668 11353 2146 13905 13905 6097 7854 12023 12023 3695 866 8084 1931 10549 10549 6877 5264 13437 2669 16311 5198 16311 9287 12948 6323 2658 11332 5632 138 14333 5604 16311 9287 14937 9287 14937 12214 4259
1272 13582 10583 7793 7895 2669 6402 5949 6877 7895 15871 13752 14607 92 3336 5200 7918 14965 8563 969 7686 16664 14430 3178 92 92 92 92 92 1971 92 16778 3178 3523 3454 1445 16763 2192 3178 16853 16853 3178 16195 7167 10040 13198 4332 4332 3178 8288 2058 2058 643 16853 5069 16195 7167 10040 11088 4332 11921 11898 15257 2026 1985 14420 16850 3178 6649 16664 5363 14100 15328 9287 16730 3464 4903 3178 3178 4944 4096 14024 9134 9134 9134 4497 10197 9134 8357 8357 5331 92 7821 3132 13905 12468 10091 7687 7687 1783
14604 5606 6192 13176 7895 7895 14729 5457 7069 6526 13652 6333 2413 12822 6097 1788 16293 2668 1207 1931 8863 1207 11346 16105 1207 2669 16159 5591 5591 1352 10479 2981 10479 745 11604 8803 172 172 172 11604 5989 5989 5989 172 172 6931 9287 172 5989 6199 5356 2842 172 6931 5185 172 5989 745 172 5989 745 7935 5699 5699 6923 745 2946 745 5699 7935 112 4277 11353 217 142 6925 12214 12214 6323 406 6323 13391 1849 9457 11270 8462 235 16815 8063 11963 6877 9287 15324 4137 4224 9287 4326 4706 15324 9287
16498 745 7854 13198 14333 3178 11604 10379 6378 16710 7996 12635 6192 6192 13739 9925 7524 257 8010 7516 7895 7895 10924 7895 7895 7895 4343 7895 7895 7895 15767 5417 11561 9853 6710 3244 4680 14232 12246 9011 7609 4680 9849 14256 3816 7237 3981 16249 1759 16249 13226 3816 7237 16249 5603 7686 969 14585 15984 16646 13268 14604 531 6192 1856 7895 6192 9287 6192 2669 13391 2751 13391 32 14237 10198 32 14237 13391 5699 2865 2865 15272 7086 1492 6089 13413 3178 13413 1394 8908 1394 5392 3260 3260 3260 2842 9287 9287 4066
1096 11609 7159 12783 2904 3379 7895 2669 9895 7520 3318 12822 7895 4298 16336 3318 12550 12704 2904 9701 11771 1931 2927 1207 8509 3624 3178 2981 9287 1207 12727 7785 11947 3624 1207 6378 16896 6984 2496 13781 14333 6097 13446 5591 2681 12651 9354 12651 2008 8411 8411 8411 13653 8411 8411 8411 8411 8411 8411 8647 8411 8411 8411 8411 8411 8411 8411 8411 8411 8411 8411 8411 8411 8411 8411 8411 8411 8411 8411 8411 8411 8411 8411 8411 8411 8411 8411 8411 8411 8411 8411 8411 8411 8411 8411 8411 8411 8411 8411 8411
13455 3455 6378 2218 2228 9561 7006 9287 4587 3251 5699 6877 12763 4277 2750 6192 12635 5090 9127 6199 15737 1414 15254 3640 9068 4507 1856 2832 10379 9127 14504 2819 14504 1414 1414 11236 9068 2819 7635 14504 14504 1414 11236 11236 2832 1414 112 11236 2832 11236 9127 14504 13222 3178 2832 5389 112 531 11236 11236 9068 2164 2832 14504 1414 9127 11236 2832 1414 11236 11236 13455 3178 2832 1414 16311 11236 1414 2832 3295 6561 14504 1414 13995 7913 1414 5606 6076 3178 15737 1414 3640 15561 3640 1594 15737 14504 13465 1172 13391
7895 8087 3178 1931 2671 3695 3695 1827 14333 3512 1207 14786 16646 15984 12058 8831 11353 1207 5890 6192 6192 6192 4277 16311 11029 14937 6192 12948 14333 7759 7759 7759 7759 7759 7759 7759 7759 7759 14309 7759 7759 7759 7759 7759 7759 7759 7759 7759 12948 7759 7759 7759 7759 7759 7759 7759 7759 7759 7759 7759 7759 7759 7759 7759 7759 7759 7759 7759 7759 7759 7759 7759 7759 7759 7759 7759 7759 7759 7759 7759 7759 7759 7759 7759 7759 7759 7759 7759 7759 7759 7759 7759 15126 7759 7759 7759 7759 7759 7759 7759
866 866 9094 6192 16363 4274 3487 2669 8787 1828 13686 1828 2669 3178 14843 11088 14729 14729 14729 16311 2669 2669 12537 4137 9287 9287 4137 13391 11771 16311 3178 7935 16311 10733 5583 7747 7747 9437 2669 3055 13755 9287 347 6051 8699 6051 12428 11215 13953 11105 12346 12346 4242 14584 13170 16709 3178 15429 6877 12868 9287 15324 16311 13465 13391 10198 951 16896 9287 745 5699 3178 9741 9741 14053 3178 6201 16311 3178 5699 6923 962 5699 5699 5699 1172 1856 9965 962 15866 13446 4326 2669 4066 12278 3178 16311 3178 16311 3178
2669 6877 12635 531 9965 5606 11448 9457 5606 16958 11209 9083 745 9290 745 12635 15429 6192 6192 12850 9965 9287 5311 2658 12214 10549 6323 2658 6192 6192 6192 11401 7985 15805 3429 11849 13066 9635 13264 5548 15324 10895 10895 6877 15805 7985 11604 7985 11604 7935 9290 745 16710 6877 7935 9161 7935 7935 7935 11604 7935 7935 7935 7935 7935 7935 7935 7935 7935 7935 7935 7935 7935 7935 7935 7935 7935 7935 7935 7935 7935 7935 7935 11604 7935 7935 7935 7935 7935 7935 7935 7935 7935 7935 7935 11604 7935 7935 7935 7935
5342 11215 11771 2120 7895 16159 2266 6192 2669 6192 7520 6877 866 8084 6805 15805 13066 13066 9635 10840 12822 3666 13066 9635 5611 15429 15429 12948 12948 5548 15324 4066 1172 2671 6323 138 138 13391 15653 138 14120 13391 6192 6192 6192 6192 2669 12706 12236 16311 11771 6301 142 142 10992 16311 12236 1172 6301 16710 4137 16710 4137 14504 16710 9287 9287 14937 14937 14937 14937 1207 12214 13391 6323 4277 138 6323 15653 12079 138 16311 13391 15743 5131 12765 5131 7905 12675 7935 6192 13105 9287 13391 16565 12765 4066 2791 16616 13391
9554 3695 10748 1938 7895 12550 7935 9726 5606 5606 8787 7895 7895 15861 5606 9287 2146 9287 13905 4277 1931 962 2668 1167 6097 8863 8084 15648 15648 15648 2800 6097 5517 12185 14937 15429 14937 6323 5977 2295 14330 11353 11631 1061 9327 12214 1259 12214 9287 4277 4259 6323 2295 9464 13391 6323 12214 12214 13391 13391 13391 9223 12812 12812 9287 3178 13733 531 531 6192 14008 6877 6192 12765 6192 16311 12214 13391 9287 6323 3574 13391 2210 9345 14333 15429 12214 1139 13391 13391 10472 13391 10229 10727 949 13391 14333 12214 8615 8615
16565 12023 3695 16363 9291 1671 7895 5880 7935 6192 2669 7450 6378 1931 16710 6192 9287 9345 9287 12214 1172 9965 9965 9287 711 16311 5699 12214 14333 10103 16311 11730 3178 7489 4034 16311 2669 10374 10374 44 2669 2669 12231 12231 10670 13249 13222 12936 12936 4989 9701 2669 2669 3178 16311 12936 3879 16311 4989 9701 10145 10145 5395 13006 16311 4034 2669 1931 10103 12635 13391 2750 14504 6323 9372 13065 227 14468 7024 16815 13905 12272 3311 4332 13198 13198 4332 10197 8288 9502 8288 7529 7529 14069 5417 1235 16853 5069 16195 7167
6984 12113 13391 3178 7006 194 9721 16896 1526 12635 16311 10379 1931 15648 1207 9287 12214 1529 11930 1529 14604 13391 9287 13391 711 16311 3178 5624 5664 3178 9790 3178 5664 5624 5699 3178 9790 3178 3178 2895 9790 10019 16740 15018 16740 4817 16740 16740 16740 16740 16740 16740 16740 9790 3178 16740 16740 16740 16740 7338 16740 16740 16740 16740 16740 16740 16740 16740 16740 16740 16740 16740 5624 16740 16740 3060 16740 16710 3178 67 67 6118 9287 67 7489 67 14970 4189 1272 3078 9923 15429 15429 15520 12635 13461 2839 15883 7141 8490
4456 9268 9027 14699 16311 16311 12635 531 12635 5606 402 6786 7809 132 9965 5818 2981 9372 14324 132 12179 12214 2981 1207 9121 9287 12805 6323 138 138 15429 11353 9287 9345 12214 9287 9287 6323 6323 10413 138 13391 9287 12214 6323 6323 138 2671 16311 3178 3178 12214 1172 138 6323 14120 138 4066 4066 15744 5604 15744 11864 10725 9287 9287 6323 6323 6925 138 2210 13391 14333 9345 9345 9345 5604 6925 6323 9464 6323 138 138 13391 16311 1513 9287 12214 9287 12805 12805 138 3068 9287 9287 471 12214 1172 816 1931
6263 10838 14052 2725 5778 1548 3836 8237 13042 12822 5243 7504 10445 14275 2420 13198 13198 3237 3237 13198 7451 7451 14232 12246 9011 7609 7609 4680 9849 14256 3816 866 3695 1986 9287 866 16917 7156 7156 12930 7390 6974 14006 14006 4810 278 13448 3112 4337 13391 12747 12747 5364 9287 10088 9287 12765 9665 10565 14616 10565 3178 3178 3178 3836 3178 3178 3178 3178 3178 3178 3178 3221 3178 3178 3178 3178 3178 3178 3178 3178 3178 3178 3178 3178 3178 3178 16258 3178 3178 3178 3178 3178 12277 13144 13391 16311 951 2751 15282
1223 15446 7895 9631 7895 2669 6192 9635 3318 7895 15871 2849 8346 13065 7487 4156 9287 6780 6472 14444 1839 1839 887 10057 3271 2669 8699 13227 2060 132 9287 132 132 9290 11353 16311 14937 12972 11771 16311 8715 2669 10145 13006 6280 6280 6280 11875 13006 16311 16710 4137 16710 16710 16710 9526 16710 16710 16710 9287 2669 10198 16311 16710 4326 13391 5890 9287 9127 3178 1414 11236 14504 9127 9127 9068 6089 14504 11236 9127 11236 9068 9068 9068 9806 16740 2832 172 2832 14504 9127 9354 9127 9068 14504 9287 13996 9127 11236 11236
8624 6738 2425 15429 11604 7895 2191 15871 14729 14729 14469 3548 12537 16710 15429 4137 777 6298 1296 2671 12372 3204 12424 1207 15167 4690 15429 5013 13587 6323 138 8438 12214 13391 8613 4277 9287 9287 13905 6323 2658 6323 12079 12214 14333 12214 9287 12214 6323 1139 138 13391 15640 6097 1207 9287 16887 1552 12930 7390 6974 12635 12635 4810 14006 13448 3112 4337 13391 12747 12747 9287 15162 9720 8346 1273 2718 5342 9287 2512 5885 7665 7935 5885 5798 1754 2006 5094 9287 9287 10414 10414 10414 16324 16639 12141 413 9721 13198 13198
14937 10103 14504 16740 8998 1172 10696 2823 1207 11627 1207 1931 15167 12635 10525 10525 4344 8919 4344 4383 13116 13969 9549 12725 72 10626 9372 9372 14334 16283 4303 9372 4183 1403 15866 2761 8219 2761 2761 9965 9969 9991 12948 11771 2669 11771 9287 32 13391 13391 13465 13391 10198 16290 2865 6722 7086 6722 5699 13413 13413 16740 5185 13413 2927 5699 5699 5699 5699 5699 745 5699 5699 5699 7489 5046 1555 8803 16740 172 172 5699 5989 2842 14104 172 172 6931 172 12231 194 13222 12231 12231 2842 12231 12231 9501 11245 13222
9372 15624 4067 531 16311 5880 8684 5880 13198 9635 9635 15324 12011 1516 13796 7935 8446 10687 6755 7489 6923 11604 16808 8506 13036 6472 8411 4261 12254 11490 16035 11264 5989 14747 5699 16636 5699 5699 5046 14046 7935 3178 9701 10103 4189 16740 6089 16740 16740 16740 16740 9466 3933 16311 16311 6886 16740 16740 16740 2471 16740 16740 16740 2471 15237 16740 16740 16740 12789 9384 9806 16740 16817 16740 16740 16740 16740 3178 6986 4817 16740 16740 4244 11621 16740 4244 16740 6886 16740 16740 2471 9870 15237 16740 16740 16740 16740 16740 2819 16740
4137 4682 14395 2669 7770 15429 6561 7895 5949 13111 15871 531 6192 5457 11353 11401 7935 7935 2842 7489 5104 16311 7935 7935 5699 9287 11771 13391 9965 11209 11209 3178 11209 3178 11209 3178 900 15429 5699 13203 12550 6199 9287 7935 7935 7935 7935 11604 7935 7935 7935 7935 5699 7935 5989 7935 7935 7935 7935 7935 7935 7935 7935 7935 7935 7935 11604 7935 11604 7935 7935 7935 7935 7935 11604 7935 7935 7935 7935 7935 7935 7935 7935 7935 7935 6199 7935 7935 7935 7935 7935 7935 7935 7935 7935 11604 7935 7935 7935 7935
2999 3363 6089 11873 5523 14392 3178 8010 13391 6786 12635 14963 6192 6192 11375 2824 16121 15575 14782 15940 13865 7658 13946 10910 10910 10068 14837 6807 1842 11529 1919 11178 9912 8903 12326 10242 14892 11881 6552 3900 9287 15324 7510 7156 1552 12930 7390 6974 12635 12635 4810 278 13448 3112 4337 12747 13391 2820 9287 15162 9720 8346 1273 2718 5342 13391 13503 2512 6982 5885 13391 11560 14616 6323 6323 138 138 13391 13391 132 14324 8613 12214 9287 12214 6323 6323 406 138 13391 13391 9372 8613 16311 11771 8613 9303 6986 5568 16985
9895 12537 15871 6484 6484 16311 15871 14729 10197 10197 8856 8254 11701 860 3178 3230 15576 1075 10197 14430 4497 3231 11539 12657 2576 2849 15123 1152 12635 16063 12647 13391 12647 267 1330 9287 15123 12635 12635 16063 3178 13391 3437 12647 6320 9287 8902 11374 9169 12986 3178 10549 866 15324 1207 14263 1931 2671 13198 2669 3073 1414 16258 1414 16258 16258 6089 16258 14224 1909 16441 14459 1414 15561 15561 750 750 1085 636 3178 750 14504 15106 12333 13996 5699 9287 5699 5046 13834 5989 750 5989 5989 3178 14104 691 745 11231 5185
13198 1529 12537 3178 6877 10197 1054 7895 7895 9965 2669 14008 9457 14008 11808 1310 9223 13038 10549 13038 132 2981 14324 16764 6098 2689 15259 6233 10126 16764 14324 2669 2981 2981 2981 9223 13038 1297 11204 11945 2350 11945 3011 2669 5378 13038 9223 12179 8613 2981 12214 9223 12635 13391 6323 11195 6535 9853 6378 4614 3835 7518 10262 8936 4870 15390 6324 16593 14001 2360 5670 14303 4275 7518 7993 8936 6324 15390 6324 11774 9287 1207 6245 7156 1552 12930 7390 6974 14006 12635 4810 278 13448 13448 3112 4337 12747 12747 4972 2820
12550 471 12243 12635 5699 7895 2981 16808 14352 16363 2895 5333 5333 6170 11302 41 41 41 4979 7198 6253 3669 12635 11790 3670 14394 12537 13692 12635 3778 3043 4449 13218 4018 2985 16703 8034 3896 1291 8446 11575 14811 14811 14811 12635 3348 3348 3348 12948 3348 16531 1938 15491 3665 1313 12822 16341 12550 2904 4298 16336 4141 12550 1938 866 4260 11450 4260 15077 15077 15077 15077 15077 15077 1805 14586 7935 7935 11604 8900 6199 5809 12550 6387 1938 14786 3062 2904 12550 6192 12948 2999 6415 6192 7416 7416 10254 4168 1494 9965
745 9635 13476 11273 9317 9965 14729 7895 10063 3178 5606 4614 16896 16896 4066 13198 2669 14370 13385 3178 67 9115 14970 14970 1999 12127 12127 12127 12127 3178 6701 13222 7935 1457 3178 9679 16311 8715 711 6263 6263 16311 5699 44 9806 44 3178 15843 3178 16544 12731 13385 16544 44 11245 14008 16311 11245 8715 12537 10374 10374 16311 16311 4989 13658 5606 7895 7895 7895 7895 16710 10558 16311 16311 16311 2669 6263 3178 3178 2494 1931 13391 1414 10088 3178 4326 9382 3178 14192 14192 14192 10088 14192 14192 13458 11771 11771 11771 2751
10549 2250 531 12657 6192 5606 5606 9457 9372 5606 11975 6877 12550 2099 7895 7895 7895 7895 112 10696 8063 9287 8840 12537 866 16710 16710 3382 6378 3382 3382 6780 6575 2496 5880 12417 10458 7895 2164 5880 5880 7895 7895 7895 7895 16710 7895 16710 7895 7895 7895 7895 7895 7895 2904 16896 2496 16896 5880 1207 15648 15429 1358 6097 1207 8863 1931 8863 8084 10151 2146 9287 13905 10549 4036 1931 6097 2835 10603 15429 9053 3203 8085 16203 7895 7895 7895 7895 7895 7895 7895 7895 7895 7895 7895 7895 7895 7895 7895 12652
13391 335 9287 3695 172 9763 2927 5606 7376 7935 12428 13455 5217 16815 7895 7895 7895 7895 7895 7895 7895 7895 7895 16710 7895 14333 8063 3178 13198 14421 14101 8732 14101 5880 1247 1247 7895 10561 3170 3433 7895 9446 7895 1247 15324 13430 16896 3339 8411 12236 2669 2671 16311 2669 16311 10145 10145 13834 16311 13006 13006 4034 13658 10145 2669 6986 16311 13006 16311 4034 13658 2669 531 14324 12765 12214 8615 138 12214 5890 6323 12214 138 2107 11072 11072 6323 6323 9464 3068 13391 12214 12214 1513 12214 12214 6323 16016 88 88
7560 13451 3382 3178 6192 6378 12635 5606 5989 13709 12812 4996 8412 13397 13316 1931 9701 2669 2958 16311 2298 3648 15612 13144 2958 8063 9895 180 9354 13465 9701 9287 12635 32 10198 13391 7363 531 15272 2865 6722 1246 8411 12731 2669 3178 6280 6280 8831 12765 8831 2981 6561 6280 9303 6986 5568 3111 3178 1479 14149 383 5589 9685 6548 6561 851 13462 6561 4932 1172 16783 3775 330 3107 9156 4053 7333 3178 6280 8974 8589 3799 14388 13832 5384 3365 3365 3178 1172 3365 8974 8589 3799 14388 13832 5384 1172 1172 6561
3889 7994 11604 16740 9287 1330 2671 5699 16380 3178 3178 14504 2671 4137 546 5457 16311 15324 16710 15324 3203 3203 8662 10511 15506 8662 8662 8662 3203 3178 10137 6192 3203 8662 3419 3419 3419 8348 3419 14243 5606 6089 16740 3060 6089 4586 6840 16740 16740 16740 6089 4067 7348 11285 14591 16529 14591 16529 11604 10288 12948 6619 16039 10473 15004 1574 9952 3424 16935 15429 12635 12635 5519 10525 4344 4344 8919 3892 4383 13116 13969 9549 12725 72 10626 11832 11832 12948 7141 9965 15429 9965 1172 6561 383 5589 9685 6548 13462 13462
6089 10019 9799 8862 11401 7895 5606 5606 11503 12812 4277 1788 10090 3178 16740 12238 5404 8046 3178 13222 3178 1414 12635 12635 10339 12635 15239 14333 14333 8206 2671 9287 9345 4137 16710 10421 4614 11327 10421 6378 6378 1557 1529 1529 1529 14604 1529 1529 1529 1529 1529 1529 15429 711 6877 113 3178 12402 12402 16207 16207 1172 6561 9238 1749 14952 7935 2895 2895 15818 10198 1172 1414 2671 9127 7489 9068 9068 3380 8032 8120 10549 6984 14430 14430 14430 14430 14430 14430 14430 14430 14430 14430 14430 14430 14430 14430 14430 14430 5852
3480 12635 12121 12783 5880 6327 7895 7895 9403 2904 2842 16200 9470 5652 13286 11721 11002 13391 14333 7466 15362 16836 14324 8084 1931 14401 6097 11304 2668 12822 6097 2668 1207 2668 1207 8863 4196 7714 11646 1207 8449 3823 11637 1931 11531 15230 6809 8863 14681 14845 1931 1931 1931 1207 7895 6192 16896 1931 7895 3368 12765 2791 12079 7924 11072 138 4277 13391 16311 397 12720 4277 4277 6323 1505 1505 138 14504 9287 1207 15429 1207 12948 12537 1207 4137 1207 16710 1931 9287 4209 13198 1529 1529 14604 1529 14604 1529 1529 1529
7270 7895 3487 2669 3986 531 15429 7895 3318 16896 1856 14421 2669 8543 5621 9287 3178 12888 15135 8440 602 2156 694 11991 16544 7635 1856 15383 7635 1937 2819 8440 5901 13857 12231 7635 11816 9287 2750 12231 1931 1207 11875 3178 3178 335 10103 3178 9382 16511 2750 14042 2750 2750 2750 2750 2750 2750 2750 2750 2750 2750 2750 2750 7895 10103 15737 10103 16896 14504 12231 12231 16816 2459 2832 2832 11236 4066 11236 481 162 14504 3178 9287 9127 7832 3032 14504 1414 257 1414 257 9127 9127 9068 2832 1414 9068 14504 1414
16087 5606 15324 2722 2904 16896 13542 15871 16710 5606 14689 15648 1207 16311 5459 7286 11637 5846 12961 6027 6027 7501 11483 15666 15666 10485 11773 3596 15326 8831 15526 3178 1685 11825 9514 11825 5873 1086 11604 2927 13597 1826 16598 13455 6923 745 172 6199 14440 11692 16755 8851 11024 9826 16755 9826 11338 6569 12214 13198 2658 6323 6323 12079 3939 13391 132 132 16836 4277 16871 9287 12214 16460 3068 138 406 9464 138 13391 14426 138 13391 6323 13391 2210 12023 10016 12214 9464 12214 138 138 13391 13391 9965 12214 9287 12214 11560
6982 5890 6199 194 6199 3178 941 7793 7895 2669 12148 15322 8034 8034 8034 12948 2976 1291 8446 11575 1163 15429 14811 15429 12635 12356 12550 6782 13066 12011 9635 218 15429 15324 12948 2671 7416 9345 6877 13066 13066 10844 14836 15324 15429 12948 12948 7416 9345 9345 13066 11562 9635 11211 13066 15324 6805 8084 6805 15805 6103 13066 5111 9635 12822 9287 9287 9287 6192 2669 16666 1828 238 16311 11045 13960 2669 11792 11792 13242 2669 710 13957 5675 7884 11660 13713 12328 43 16709 13391 4183 12180 4183 4638 5512 14035 12635 9965 9965
7895 12231 11604 3251 3424 14699 9853 9287 10549 531 13385 6192 6192 6192 6192 531 6192 14729 2669 10129 6192 531 9372 13905 9287 13391 13391 16311 1207 5517 2668 1207 1207 1931 12635 1931 6245 7156 1552 12930 7390 6974 12635 14006 12635 4810 278 13448 3112 4337 13391 13391 13391 2820 9287 2820 12747 4192 1931 12421 14504 8922 13729 14850 2666 14598 369 3001 8294 8294 10197 531 9287 12765 13391 8190 13391 10549 724 724 15429 724 1937 2953 866 4989 13658 10374 10374 12936 3178 3178 15383 1856 9703 12936 13249 15410 531 4326
9308 4365 3549 9806 3178 16975 10090 11957 7489 3045 16740 3413 6986 14042 14709 14008 14008 7895 5606 1958 10466 15827 16746 7935 9056 3178 15362 5077 5077 16746 16746 16746 16746 7032 1728 16746 16746 16746 16746 16746 16746 16746 16746 16746 16746 16746 16746 16746 16746 16746 92 9287 9287 9965 3926 4063 3178 3926 3178 9287 14649 1414 9464 13391 13391 13198 10577 4377 11561 11561 6710 6780 13791 2245 9016 8235 7919 13755 2669 5552 2058 3924 6362 2058 12563 15767 11270 9287 711 14324 13905 13905 5251 652 138 138 13391 9287 11843 8661
9287 7973 6192 6774 11016 778 10627 12428 7793 3178 7895 9635 4314 16485 13268 9287 14468 4534 9894 10050 9894 7935 7935 7935 16636 17008 14046 11215 11059 3647 15638 13227 10687 10687 9894 6561 7895 14333 4497 9287 7012 304 13905 12214 6323 13391 4066 9345 5699 7489 3178 3178 9161 498 5699 5606 5699 11604 6931 6931 531 13455 9891 13455 13455 11604 873 16740 13455 3020 13455 1276 6931 6931 7935 5699 6199 12231 7935 3178 11604 7935 1276 7935 5989 5989 7935 5989 7935 11604 7935 7935 6931 7935 7935 7935 7935 11604 7935 7935
10103 5995 3676 1457 5880 7793 3487 2669 7770 16311 6192 9495 7895 7895 7895 7895 14775 7895 7895 15324 2671 12948 11353 2669 13582 2904 3980 1938 13049 14786 12822 7200 7200 823 14729 11771 16710 16710 8084 4137 1207 4137 2671 16710 14937 15429 14937 4137 13391 2671 9287 16710 2669 12737 12537 9287 257 1246 12537 12537 4137 4137 16710 16710 14937 14937 14937 6564 180 16896 10145 937 4872 10889 14796 14796 6877 11353 13905 13905 13391 12214 16311 13391 3368 11431 3368 14649 13966 12948 3382 3251 3321 11164 4367 4541 5606 12296 16679 9603
16311 2691 5135 5553 13222 9287 3178 16311 6877 3178 4066 13391 12537 5606 5606 14627 5606 5606 2669 11771 9287 14937 9287 11771 2669 16311 7121 724 724 1730 9831 3178 3178 3178 2927 12243 3178 2927 6199 3178 3178 1456 3178 9372 1856 1856 9287 10088 14504 16311 10103 6877 12765 12765 11771 10103 12765 951 2669 4066 5378 13391 6323 5977 138 9464 12214 9287 9345 9345 9345 13391 6323 6323 138 13391 9223 5818 5978 10086 9308 6363 11890 25 9965 9155 9372 12442 11995 16008 13221 10682 2182 12018 4643 3294 5185 3178 894 5959
4066 5880 7793 7895 2669 12635 6561 10688 7895 7895 15871 11270 11270 3478 1856 8781 16647 13582 2669 13582 13582 14729 2669 13582 10129 6877 13582 13680 10063 1947 10129 14729 2857 2669 13329 10129 10129 2580 12783 259 10063 14729 14729 10129 2669 2669 14917 12783 7865 14729 10129 10129 10129 5136 2669 2857 16311 16311 6526 5136 6615 6931 12550 13582 16311 16252 13249 6214 16311 1207 13905 16311 11353 8206 10789 2671 6323 3690 9464 138 12214 4066 1513 9345 12214 9287 15429 6323 6323 2658 138 16502 6323 13391 10403 6323 138 138 8615 15653
5384 6519 15528 10479 13709 14140 3318 12550 7895 4274 1926 531 531 11604 15324 15324 13198 2059 11925 5876 11134 10702 4474 14595 11038 9766 10750 5573 4551 11660 8853 11660 11345 203 3428 9282 4521 16562 2870 248 8232 12559 9402 11937 2669 335 1310 9581 14008 2751 3178 10103 1272 2751 335 3178 335 10103 12731 2011 5835 11303 2008 2819 2468 16342 13385 6984 8831 6666 16311 4989 10374 2669 11604 5500 5046 5699 5989 745 491 12731 13287 7163 9806 11245 12401 11771 2669 1555 2669 2669 2669 7635 13455 2669 10145 2927 16311 4034
1122 5995 3676 12231 1905 7793 7895 2669 6378 9635 6735 11604 13249 7269 8965 2228 2228 172 16710 16710 16710 6877 4137 16710 10316 6192 12537 16710 16710 12537 12948 16710 12635 16710 12352 12214 13582 16710 16710 12635 16710 16710 16710 16710 4137 16710 5699 9287 2228 12635 12635 1320 9287 12635 399 16710 16710 5185 6192 5909 12635 2669 4989 4989 14157 15200 1414 11236 13222 2832 4066 1207 3073 9127 9068 7216 7635 11751 13850 4066 12214 9287 13391 2791 13391 13391 3178 3178 3178 3178 6280 3178 3178 3178 16311 13144 16311 13391 8659 10923
13869 13455 3178 2615 5518 6117 1931 2671 16311 6280 2842 5699 6877 6192 6192 11604 172 7935 11604 13455 11604 3178 5699 7687 11604 13905 7935 172 172 172 8831 172 172 11604 172 172 172 7489 172 6931 172 335 172 172 14729 9287 13752 13144 15393 9287 15393 4066 16311 16311 9287 16754 13905 2269 12214 2463 1788 6762 10923 14409 1414 9127 1414 14504 9127 14504 1414 12482 12635 16583 14854 13391 9576 10088 3178 7489 6561 6199 11972 6199 12635 13350 15520 14333 12948 9417 12948 12948 6170 41 11302 11302 41 4979 7198 12635
15429 13905 13504 1938 12550 1931 4221 2468 4298 5699 1938 8010 15429 13601 15167 4690 4690 2671 7412 5295 3815 1207 8326 16240 66 15332 550 11931 10679 15029 15029 15693 10698 15792 14698 16940 14080 6077 13731 16831 13731 13763 14771 10808 10808 7830 15216 12549 12549 999 8812 8617 9504 15167 2055 6977 16438 14182 70 1669 1823 11592 9695 14461 95 95 8872 8872 15188 15188 2502 15188 7236 12408 12408 1025 16166 16011 11453 5997 12255 13060 15038 15038 15038 15038 12943 64 64 8556 16804 332 15167 15167 4690 6628 4690 4690 1803 3815
13144 11304 5606 7895 7895 11650 8033 7895 2669 6192 13066 7520 1931 12948 15429 4480 16336 15330 12550 1938 14217 572 14786 12822 1938 5897 9287 9345 2146 16896 866 866 4908 9268 6097 3367 2668 1207 1207 1207 2146 10549 2904 286 1938 6097 6097 9836 2668 1207 8863 12014 3074 11469 7486 15648 6097 6097 2668 2668 1207 2671 1931 1207 9287 13391 5591 2669 6877 3898 15362 12214 13391 951 9287 5977 652 3068 406 6323 9287 9287 3190 138 6323 6323 16016 9464 14120 6323 12214 12214 13391 12214 12214 12214 13391 138 138 9464
4326 9372 2622 14521 1934 3237 9849 12635 6535 9287 12635 3720 6192 531 13391 1931 5699 16311 3695 13905 13391 13391 6097 1207 15362 12214 16311 14333 9287 12214 6323 6323 9464 13391 6323 6323 12214 4827 4277 138 10549 5378 7895 2669 7895 10986 1931 13391 11771 14324 13188 13188 12214 12214 14937 16567 9345 13188 12214 13188 12214 9287 6323 6925 7924 11072 7924 11072 7924 11072 11072 7924 11072 138 11072 8518 11072 7924 11072 13391 11072 7924 11072 11072 7895 11072 7924 7924 11072 7924 7924 11072 7924 11072 7924 16311 11072 11072 11072 11072
1394 3178 15217 11270 2615 8518 12157 4614 16311 531 531 5606 14324 5378 9965 16311 1730 7121 3178 3178 8440 10081 9372 15324 15324 12243 15429 10103 8300 32 10198 13391 582 2865 2865 3178 1492 6722 1492 3178 13413 8040 8908 8040 8908 7895 7220 13462 16710 112 16710 4137 12635 16710 14937 12765 13391 10103 32 13391 10198 7363 15272 2865 15272 7086 1492 13413 9501 11604 13413 4794 7654 3776 8087 8087 8087 104 8087 104 104 8087 14409 2669 9068 6089 10263 15018 7635 15018 9382 7635 16896 607 6306 15018 257 11765 2688 9127
6561 3135 531 16710 16311 531 13709 5104 3969 2761 11715 2671 2255 15429 13066 9635 9635 9635 531 16710 9287 1172 15282 11771 32 13391 15322 2691 11826 9895 7935 11627 16311 5131 12765 11353 6323 14120 12214 13391 6877 12214 6925 13371 138 138 11353 9223 8613 12214 6561 6323 9287 1730 3178 5890 6192 531 2750 6192 2750 9287 12214 6323 15186 9464 138 9372 13391 132 14324 8613 12214 12214 12214 652 6323 138 138 13391 13391 132 14324 8613 4277 2981 9965 6323 126 5798 1754 2006 2006 5094 10414 16324 16639 12141 413 13391
12765 2425 10421 7793 7895 2669 7935 15429 1566 5699 11388 4480 2671 14333 6729 6192 8254 4765 11701 92 3230 15576 1075 9287 8288 15324 3231 11539 12657 2576 2849 15123 12635 12635 16063 13391 13391 3437 9287 9287 8902 11374 9169 12986 16896 13391 10549 8613 12114 9273 3695 9287 5809 8084 10549 1207 1931 12831 11393 10143 7526 6097 6798 591 1207 7895 7895 7895 7895 5880 4343 16791 6106 8377 13264 15324 15324 10895 15805 6877 1206 13066 6103 12216 15324 15324 6877 16311 15743 11771 4277 9287 4326 9287 2669 2669 9372 3178 900 16311
7635 2671 2943 1313 3382 14395 2669 13946 6877 2904 10827 4343 14775 2904 7895 7895 3318 7895 3318 10549 2904 2904 12550 16336 16336 7170 16336 16336 12550 2904 10731 552 5107 30 668 6561 9372 3442 7560 5884 2614 1172 1172 9965 113 16311 7308 1375 9238 9372 14952 6561 3178 11604 5862 3178 12148 3178 7356 13213 8661 5301 931 141 2446 7398 9688 3762 1727 6452 13380 11909 6415 12537 15813 6323 5758 16502 16311 16311 2669 6323 1139 13391 9464 12214 16725 16725 14120 138 138 10016 12214 12214 12214 12214 138 13391 9223 132
3410 43 8021 6199 6192 4326 5880 7895 14395 2669 13198 7504 7504 3244 12238 7770 7504 15767 7919 1235 16121 6710 9853 6780 6780 887 9016 11775 16250 11783 6535 7916 7916 8940 7529 3545 3316 11783 3526 37 2482 2482 10750 1796 13587 1468 2263 9218 5840 9287 2739 14112 10360 12148 3178 8940 8962 8962 4870 4870 6245 13587 15652 7156 2293 2482 15652 2245 6780 14444 1839 1839 5417 14584 13587 14584 3002 4870 14430 5417 16778 2266 874 9502 8288 11088 8288 2266 11088 874 13599 874 2266 874 7487 13599 12563 2266 874 2266
16616 2192 7979 3178 16311 8235 6089 9965 2669 3836 9635 12822 12550 8084 5799 15805 15805 6877 13066 9635 2323 15324 5548 10895 6877 6877 15805 15429 9635 15324 10895 6877 11353 14013 1206 14434 9635 15324 15324 7759 6877 12639 11977 5548 10895 10895 15805 10895 10549 6877 13066 13066 9635 441 15324 15429 8383 5153 7170 15743 138 138 12214 6323 138 138 12214 9372 13391 132 132 8613 9965 12214 9287 9287 2904 1938 12302 3439 4298 4298 4298 2904 8084 3318 12550 1938 8152 14786 5784 12550 2904 9438 14786 9438 710 14786 14786 2981
3368 6484 12783 14101 11264 112 10923 11401 2750 3244 12765 15324 15605 6192 16311 11980 12023 866 11353 866 2146 10549 10549 4036 6097 11905 2668 8863 1207 3074 15648 1931 6097 2167 2668 4034 3395 2669 10145 7827 16311 4989 13658 710 2669 10145 3178 16311 1207 15429 2669 6263 6263 10710 11245 16311 11245 8715 711 6263 2669 10145 13006 16311 16311 16311 12313 11771 138 16120 3068 13391 6323 12635 12214 13391 13391 13391 6323 6323 14958 9464 9464 13391 6323 13391 138 12214 8615 12079 138 4908 13391 14324 132 8613 9223 2981 4277 12214
14504 1497 13391 3475 6192 10094 3318 4765 15871 14435 2700 10263 12401 1253 3251 3251 14729 4107 5905 7895 3893 7644 15352 8820 14299 9382 7895 15324 7895 7895 7895 7895 7895 7895 7895 7895 1931 15617 7895 257 964 13582 3924 7489 15648 7909 7909 15039 14447 1207 2671 8084 15648 6877 14013 13066 9635 5158 5548 15324 8084 10088 5380 745 8293 3178 2927 3178 6877 3178 5699 7935 5699 7935 11604 7935 11604 5699 727 3836 9354 5500 7935 11604 11604 7935 7935 7935 7935 7935 7935 7935 7935 7935 7935 7935 7935 7935 7935 11604
13066 4996 6378 5185 6984 13347 3178 9345 8908 9068 12550 6466 14729 9287 9287 9345 14504 1172 132 14324 3888 12214 2981 9287 9287 9287 2658 2658 2658 138 12322 12214 14333 1513 9287 9345 9287 13905 12214 6323 2658 138 13391 13391 13391 132 3128 132 3888 12214 12214 12214 2981 2981 13905 2981 16710 1207 1414 3178 8914 14649 1631 9287 15473 13465 6290 11564 16311 144 2392 2669 13446 6263 16544 194 16311 8715 711 2669 6263 16311 3178 6960 3893 8566 257 6118 6422 2927 16944 12231 5699 5699 5699 13222 16311 8715 711 6526
5136 9635 1287 9161 11771 11991 335 15550 5046 11637 7470 8315 15413 2579 6300 13946 13946 10708 8956 15469 6192 6574 6097 2668 10823 12822 6097 7842 2668 1207 1207 6877 14504 14324 3898 8613 2981 12214 15429 1207 12214 2658 6323 138 138 6323 9464 7924 13391 15429 9345 9345 12214 9287 12214 12897 14937 14937 15549 5890 9345 4768 12214 4580 9835 2671 5359 3178 7767 4580 15167 9287 16311 7635 13198 13198 11444 13198 11444 7451 7703 12246 9011 7609 4680 9849 14256 3816 7237 3981 15507 1759 16249 13226 3695 1986 866 866 16917 7156
4066 10319 1548 7006 7895 6378 13198 14392 12635 3318 16311 16311 8010 16710 16868 2228 3671 1931 1207 8863 1931 7289 10004 2668 12822 6097 14331 16311 16311 5919 6323 12817 13391 9287 531 14333 2669 2669 4277 138 6323 6925 138 13391 13391 132 14324 8613 6323 9287 12214 2981 6323 6323 16725 138 11353 13391 13391 9457 3888 3888 12214 9287 2981 2981 9287 11875 1207 7510 8190 9464 10702 12731 9457 13138 9581 14008 1310 1310 1326 8378 14008 1310 1310 8378 16531 13138 1310 8378 9457 3178 9273 12296 531 816 5084 8426 3178 5199
257 3752 2692 6044 12550 1671 8703 531 112 3178 2737 11353 12537 6304 15897 138 138 866 12822 12634 52 12023 52 13391 9223 5809 4260 9515 6252 6252 14462 6252 14462 6252 6252 14462 14462 6252 14462 6252 14462 14462 14462 14462 14462 710 6252 6252 531 14462 6252 14462 14462 6252 14462 6252 6252 14462 14462 14462 6252 14462 6252 14462 6252 16733 14462 10549 6225 12948 15429 16311 15429 11353 9345 1414 6877 6323 16311 15429 12214 13391 2675 8661 5301 1276 6213 6213 141 2446 7398 9688 3762 1727 6452 13380 11909 6561 6561 16836
7167 14896 10935 1720 7895 2669 7770 15429 8944 5606 7895 7895 7895 7895 7895 5510 7895 7376 16861 7895 7895 7895 7895 7895 7895 7895 15081 14433 7895 10549 7895 7895 7895 7895 7095 15324 7895 7895 7895 7895 7895 14433 7895 7895 5606 7809 5606 5606 7895 5606 7895 7895 7895 5606 2509 2509 2509 2509 2509 2509 2509 2509 2509 2509 5606 2509 2509 2509 2509 5606 2509 2509 2509 2509 2509 2509 2509 2509 2509 2509 2509 2509 5606 5606 2509 2509 2509 2509 2509 5606 2509 2509 2509 2509 2509 2509 5606 2509 2509 2509
9635 6169 257 15871 16311 9287 16311 1931 7470 4722 13198 235 4060 2008 5699 1207 1207 12078 10919 16740 16740 6089 16740 14195 16740 16740 16740 16740 16740 16740 16740 6089 16740 16740 16740 2327 6027 5185 6089 16740 16740 16740 16740 16740 16740 16740 16740 16740 16740 16740 16740 16740 16740 16740 16740 16740 16740 16740 16740 16740 16740 3413 492 16740 16740 16740 16740 1856 2471 6018 6871 6089 16740 16740 16740 16740 16740 6089 16740 16740 16740 16740 4153 16740 16740 16740 2471 16740 16740 16740 16740 16740 3060 36 16740 16740 16740 16740 16740 2471
16703 531 531 12635 11771 5606 13709 4274 12812 12550 2422 5880 13905 11353 8856 643 9114 643 643 643 643 643 643 643 643 643 643 6378 643 643 643 10048 643 643 643 643 4972 643 9287 10197 3231 7354 4741 10724 12020 16311 2929 16311 12550 2671 15511 1403 1172 8613 15429 5989 10433 8084 3318 9025 10696 1931 1856 7854 15861 8958 7895 3968 12023 3695 3695 8084 1931 12868 3130 7854 5014 14214 16921 13851 866 6877 8084 15805 6877 15805 13066 9635 9635 15324 15324 13980 6877 16398 13066 3904 269 15986 9000 15324
13455 5378 4794 2981 3700 3178 6280 14817 13198 11749 11327 13198 3382 13198 13198 11921 11898 15257 3178 1985 13391 16850 3178 6649 16664 5363 14100 15328 7110 3178 16730 3464 4903 4266 4944 4096 14024 6484 9287 1207 2671 14504 9008 12537 10458 12948 9287 11311 12948 16710 16710 14333 14504 12948 6378 14604 9287 7895 12635 12214 6323 2658 138 16502 4066 4066 1295 12214 12214 6323 6323 6925 138 138 138 11353 13391 7895 13391 6378 16311 6561 3178 6279 3437 1207 1207 5378 6323 6323 3190 4277 138 138 14937 14333 4277 15429 7795 5606
9965 5699 12635 5606 13242 16363 7490 6762 12822 11875 7895 6593 7457 7457 7457 11741 13650 543 16440 12635 12635 4449 13218 4018 3896 1938 906 13223 14786 3318 3695 10 11604 6877 3130 7854 12023 14052 13392 866 12550 1172 5255 2668 3074 15648 1931 7909 6097 11566 12635 8834 10339 12635 7996 7996 7000 10267 13391 10267 5417 6378 6378 6780 12428 4423 10582 5606 5606 4423 5606 2224 2827 2827 2827 2827 2827 2827 2827 2827 2827 2827 2827 2827 2827 2827 2827 2827 2827 2827 11355 2827 5606 2509 5606 2509 2509 2509 2509 2509
13198 4727 15581 7181 13582 4736 8033 3178 12765 9502 15429 3420 12822 1502 14016 9635 7900 15429 15653 2658 1295 16311 9287 12765 9287 13391 138 13391 13391 2658 4471 652 138 11353 16311 3074 13905 13905 13905 13754 3593 866 13916 1938 12023 3695 11353 13066 13905 3593 2647 7854 16226 12023 1642 7854 12023 866 3593 7854 866 7854 5672 7494 1931 10549 13905 7854 1356 14784 12023 866 866 8084 8084 5809 12868 5809 10549 5809 10549 7854 7854 14963 4403 7854 866 12023 10549 7486 9287 13905 9287 16311 13905 3695 12232 16340 12023 866
14604 2140 2669 6192 12812 11483 6762 8529 9635 7285 7895 7895 7895 5510 2432 2432 7895 5606 5606 7895 7895 7895 7895 5510 7895 2432 2432 7895 13198 13066 3575 4870 16417 13198 10262 16121 2668 9635 5548 5548 10895 6877 9287 13066 7221 5111 9635 15324 531 12007 4066 9635 11353 13391 2669 2669 9127 9127 750 1085 3178 9127 9418 16311 16091 2555 3178 9594 3178 14224 1909 16441 14459 15561 15561 1414 750 14504 3178 9127 3178 3178 10549 16710 10088 16311 5683 3178 16258 3178 3178 3178 3178 3178 3178 3178 3178 3178 3178 3178
3178 14200 16481 2669 9635 9635 5548 6192 8792 2669 5348 3178 16896 6877 16311 16311 10923 12948 257 1563 13391 14008 10923 7960 13391 9127 1463 3178 1414 16311 11236 3178 2819 13996 2832 1414 1414 9068 3032 4507 14504 162 3339 10103 9701 2669 4484 14738 3178 3178 3178 8831 3178 16311 14937 14937 2671 12214 11771 11401 5880 9287 9287 13391 12905 10300 10300 8896 13473 3390 3390 2559 2671 12437 10374 2669 6280 3178 14872 12936 16311 9701 7163 10374 1838 16311 4989 9701 10374 2669 3178 3178 12936 4989 13658 10374 2669 2669 9701 257
3382 11061 5606 15799 745 5989 5989 9306 7793 7895 2669 16896 16321 9575 10047 2669 5816 11091 5606 5711 11401 3020 11270 11270 3153 8647 8647 5835 8647 531 2054 7895 6280 8803 7489 6280 6280 6280 14970 10908 1457 745 6986 6561 745 6986 6986 3178 1999 15801 6118 5995 13409 5995 3178 5968 5968 3178 3178 3178 12214 9287 11771 9287 12787 5885 12537 5798 1754 11344 3178 11344 11344 5094 16324 9287 16324 12141 12141 413 9721 6185 13198 13198 10253 7144 10317 1798 3316 11783 3526 37 11750 2482 13391 2263 2263 9287 5840 750
14604 15998 3178 13446 3178 745 10065 16121 10698 1931 16311 11008 5442 5264 12948 12948 5437 3178 16261 13733 3178 3258 4374 11771 11771 8699 11732 12537 8792 3290 9731 5930 12175 5930 14015 16376 16980 2927 7935 12148 9162 13759 7935 7935 7935 7935 16877 7935 7935 16877 7935 7935 7935 7935 7935 7935 7935 7935 7935 7935 7935 7935 7935 7935 7935 7935 7935 7935 11604 7935 7935 7935 7935 7935 7935 16877 7935 7935 7935 7935 7935 7935 7935 7935 7935 7935 7935 7935 16182 7935 7935 7935 7935 7935 7935 7935 6051 7935 7935 7935
7121 16311 12731 8962 8088 9047 3424 14699 3382 14392 923 531 6192 12635 9148 12635 10584 13391 15174 10613 2523 7895 7895 7895 7895 6192 2671 9287 10923 10285 10130 5548 12948 12948 16710 4054 3178 2751 335 14008 5699 3178 9287 3178 335 10103 3178 13391 2751 15743 12763 2671 12765 6137 3368 10129 2958 75 4575 4953 195 6027 12923 9746 15526 279 1931 9287 6027 7501 2878 15666 15666 15666 4278 9420 7545 16166 13316 13385 13385 5279 13093 7867 14946 13385 13385 13385 16740 16740 10788 13673 16740 16740 5279 6199 6905 12298 3792 2468
12313 7313 8875 16311 15429 7895 9495 15871 6093 2671 2146 16710 2146 12372 12372 11024 2669 15429 1207 6946 11774 9287 1207 6245 7156 1552 12930 7390 6974 12635 14006 4810 278 13448 3112 4337 12747 13391 1552 12930 7390 6974 12635 14006 4810 278 15813 3112 4337 3487 12747 12747 4972 2820 15162 9720 8346 10288 11353 1671 9287 13391 6561 6323 9223 13391 2207 9287 9287 10251 7441 9223 13391 132 9287 12179 9287 9287 9287 12214 6323 2658 11332 9287 16917 6323 6323 16447 12079 6323 12214 3190 13391 16311 12214 138 138 138 138 13391
16887 9635 7895 7895 14729 13424 257 6192 13006 1931 7470 3598 10730 1126 2250 16434 6192 10986 5264 5264 10986 13081 5139 105 3178 3178 14709 3926 14709 3926 13285 3926 3926 14709 3926 3178 14709 3178 3926 3178 3178 3178 745 11304 10088 10088 10088 10088 10088 10088 10088 7646 2819 10088 3969 14709 12414 8440 3032 9382 3178 9382 9939 9382 11715 10081 12638 15404 16516 15383 9772 16544 2819 4326 7635 13673 8216 16544 9382 13249 15383 13455 13455 3178 335 10103 8001 2823 7489 6199 1272 15588 10838 335 10103 10103 1272 2751 13138 10838
9287 13455 1172 3178 6199 10472 10637 11353 6192 16311 16311 16311 3178 5500 12214 1931 6323 138 138 12214 16016 9464 16016 1931 13391 3178 4870 6780 7150 7935 1172 1104 9287 11203 6323 14504 14734 2408 2408 301 1207 5442 1335 5273 14504 1172 11209 14504 7895 12635 2669 16311 10549 12948 3178 4137 3178 11604 17006 7935 7935 11604 7935 11604 7935 7935 7935 7935 7935 7935 7935 8031 7935 7935 7935 7935 7935 7935 7935 7935 7935 7935 7935 7935 16945 7935 7935 7935 7935 7935 7935 7935 7935 7935 7935 7935 7935 7935 7935 7935
11841 6192 13582 13582 15160 7793 7895 2669 7895 3318 15429 13198 8462 13222 3949 9556 14972 11888 5308 12918 924 12157 808 1686 15953 9109 16218 2288 8353 1752 1931 6645 1667 1667 8292 15429 10094 15429 17017 12635 1931 4137 2671 4137 12948 16710 13015 3094 5107 30 668 6561 9372 3442 7560 5884 9457 14324 14649 5264 3178 9290 6118 5264 10986 15783 14649 14649 531 10379 5664 7935 873 9457 3178 2981 13905 12214 2658 6323 16120 138 15897 6323 9223 13391 13391 9726 1207 16710 9345 9345 13905 413 5417 9287 12296 6710 6710 6710
112 15986 8908 7895 7895 12635 2668 8543 3512 565 531 565 13430 10063 531 10129 5136 5136 2398 14729 14729 2669 14729 11245 2669 16311 11245 8715 2669 6263 6263 3178 11245 4137 16710 4137 8715 8715 711 2669 6263 11245 16311 3178 11245 8715 711 14504 13391 13465 16311 10198 3178 2865 6722 7086 1492 3178 3178 13413 226 1394 8040 6192 7220 1783 7220 172 6804 4053 235 235 13391 4066 3178 1414 9290 12731 3178 12731 12731 3178 194 12731 12731 12731 745 12002 8831 4796 13213 12127 14649 14649 13385 9975 745 12002 13834 2054
5395 14160 13391 10549 12635 6192 6199 15324 5908 9969 7637 14008 2671 531 6192 16311 16311 6877 11615 10923 6877 6263 2669 13446 16311 16311 16311 8715 9287 9287 14333 12948 1931 335 12980 6877 16710 12948 6378 15429 16710 12948 4137 16710 2669 13391 13391 13391 7466 16022 9287 14604 5507 15429 14937 15429 15167 11311 2671 15648 13066 9635 5111 16311 15324 5295 6877 9635 14445 9635 15324 15324 5548 8084 4137 10549 15805 2061 5548 15805 14480 16311 15805 6070 6070 6070 14333 4248 1875 12626 13391 3178 15324 4066 4137 2904 4298 16710 3318 12550
14333 13582 11270 8033 3178 2669 7715 11706 6561 7895 15871 1931 4277 16311 16710 6526 4690 16710 9287 15767 16710 4614 16710 16710 16710 9003 12550 15324 8738 16208 13066 5944 15324 11311 12948 257 7221 9635 9372 13391 32 13391 8715 2669 6192 9287 14937 14937 6877 14324 9701 9372 477 9254 11560 15063 6387 9053 15737 9287 9287 4277 6323 6323 2658 7812 138 13391 9223 13391 12214 13905 9287 13905 9287 9287 1931 6378 6780 3246 3246 6472 1839 6472 6472 3246 15063 8668 11560 11560 14333 3958 11560 6323 6323 1505 138 138 16502 138
711 5880 9965 9345 10923 12936 531 12635 9965 5606 5606 13570 5606 7809 5606 9763 5606 9763 5606 9763 7895 8541 3311 3251 112 10374 138 2008 4669 12763 2008 13391 8063 2008 13391 11771 9287 16311 2671 11771 2669 5378 9965 9831 1730 1730 12243 12320 3178 1856 3178 3178 16740 16740 16740 16740 16740 2327 2327 16740 16740 16740 16740 16740 16740 16740 6089 16740 16740 3060 16740 16740 16740 16740 6819 16740 16740 2327 16740 16740 2327 16448 16740 16740 16740 16740 2327 16740 16740 16740 6089 16740 5099 16740 16740 16740 16740 16740 16740 16740
12638 4274 13316 13198 11303 10445 15322 2756 10151 14392 6192 6192 14431 9287 13391 16311 1938 12474 12023 866 3695 7854 7854 14052 7854 866 3695 12550 15320 13216 2668 1207 1207 6097 11703 6798 9287 1207 2671 9027 9027 14822 11483 15666 15666 16710 4274 14368 10687 0 7810 16311 12550 6192 8400 1443 11375 2824 6566 15575 14782 15940 7658 13865 13865 10910 10068 14837 6807 1842 11529 1919 11178 9912 8903 12326 5347 5347 5347 13416 531 5157 1605 15429 8866 7409 12948 7409 15696 2976 12074 7240 16143 13639 15370 15235 16864 8305 8305 12484
531 2751 14042 8862 16258 16121 5989 6050 3576 15871 12948 2999 2999 16311 13734 10933 3220 1377 12091 5084 3178 15429 12429 12429 12948 15324 15429 1207 2671 951 1172 4066 13066 15324 112 951 2669 3368 2750 13683 3365 11567 12459 11909 113 12459 12459 12459 12402 9303 5460 5568 1057 1479 14149 383 5589 9685 6548 851 6561 1172 13015 3094 5107 30 668 16896 3178 745 9806 6199 5185 6199 1394 8908 2842 814 6118 7935 9161 10218 5699 2842 11604 13834 11604 6931 11604 6931 6931 6931 5185 6045 11604 7935 11604 5104 11604 7935
5185 962 8118 9955 12948 5606 5606 16363 10892 376 12550 6701 12214 9287 13905 4066 13391 11771 11658 3178 6882 7544 213 13391 3089 7379 4881 14660 5592 14219 13401 11778 4429 13169 15924 5030 14144 3269 8060 8060 9610 9616 1215 11902 2060 6882 7544 13391 13165 13165 16189 13869 16899 6167 6378 15871 13391 13391 10549 16710 14607 7024 16710 13391 13391 14333 12765 9287 9965 15186 10838 335 9457 11771 126 2751 2751 14008 335 2751 1272 335 335 335 335 11771 1272 10838 10838 11771 2751 3178 6877 11771 3178 2751 2751 335 335 3178
15511 15324 15324 531 6701 11480 16311 668 6378 8288 16746 745 7935 13377 12231 11206 16896 6192 531 6192 531 531 9806 6192 3548 1688 12948 9287 6192 10129 6192 6192 6192 6192 531 6192 6192 2675 13658 12948 15429 8860 2819 5699 10838 10838 2669 16823 2671 711 2669 2669 16311 3178 3178 3178 5380 12298 5606 16944 16311 8715 711 13658 2751 15282 13391 16710 9287 14937 15429 14031 7895 4794 15506 290 4794 4794 290 4794 290 1852 7895 5890 10103 194 9287 1272 3178 3178 3178 3178 3178 13241 11105 16268 4242 10627 10838 13391
9127 12635 9094 9094 13709 11964 6762 4018 4169 8103 7895 7895 5606 5606 7895 7895 2432 7895 7895 7895 12537 4137 2061 14025 6327 12822 13066 13066 11211 9635 12822 3666 13066 15922 10840 15324 5548 8084 6805 15805 12342 15314 4911 9635 9287 16710 3467 531 4047 531 6877 13391 32 13391 16710 15743 12765 16531 12214 13391 1085 7121 724 11771 13198 13198 7157 13198 13198 2004 16311 2669 4870 11088 15817 6199 16311 10733 5583 7747 9437 2669 2669 16531 16896 2002 831 1988 13164 11543 12635 6648 6648 6500 711 13582 5890 2669 2669 11832
531 11270 13063 8787 2669 15324 13066 1377 7895 531 2191 2191 15664 2468 7895 7895 7895 7895 7895 7895 16710 7895 7895 7895 7895 14433 7895 7895 7895 7895 7895 7895 7895 7895 7895 7895 1207 7895 7895 6877 15324 7270 11026 3382 6192 6192 11771 10103 10103 11771 11353 6561 6561 4932 3365 1172 4932 4932 1172 335 3178 10838 2751 2751 335 335 10103 10768 14942 1272 11303 8411 8411 8411 8411 8411 8411 11843 8411 8411 8411 8411 8411 8411 8411 8411 8411 8411 8411 5949 335 10838 7376 1172 11693 6561 12948 14504 9127 9418
16311 12635 6192 14383 13093 7895 12731 10069 5606 5606 9287 6192 5606 15861 7709 7809 5606 9763 5606 5606 5606 15864 5606 15864 15864 15864 5606 15864 7895 15864 5606 10838 5606 15864 4456 5606 16217 15864 15864 7895 15864 15864 5089 5606 15864 15864 7895 5606 5089 7895 5606 5606 3262 5606 5606 5606 3262 5606 3262 3262 3262 5606 3262 3262 5606 3262 7895 3262 3262 3262 5606 5606 3262 5606 5606 5606 3262 5606 3262 3262 3262 3262 5606 3262 5606 3262 5606 13682 5606 3262 5606 5606 15864 16227 5606 16227 5606 5606 5606 16227
2671 5606 6877 7935 7895 7895 15871 3318 15871 3153 14333 9384 12214 9287 14030 8010 1207 9287 12948 14333 866 6382 1070 6610 3773 6610 11353 12948 1337 11492 9287 7935 14324 8613 2981 14324 2981 9287 652 652 13391 138 12214 2671 9287 9287 12214 6323 8615 5632 16502 12635 9287 11353 9345 12635 9345 216 4590 12897 12897 12897 12897 12897 12897 12897 12897 12897 885 6884 10088 10088 10088 10088 10088 10088 10088 10088 10088 10088 10088 10088 10088 15200 6323 6323 12635 138 12635 12214 8615 138 10016 138 13391 3888 12214 13905 9287 6323
13954 12948 3695 10379 10379 12812 8264 16318 8033 3487 2669 9372 912 16311 1207 16311 3924 5378 14841 912 2904 12550 12948 15429 13462 8752 1310 9581 14008 6811 16861 9581 3178 2927 10838 2751 3178 13144 1272 335 10838 3178 3178 2751 13462 11971 10838 10103 10103 10103 2751 13391 13391 9287 6323 6323 15744 9287 138 13391 4930 4277 14120 13391 13391 12635 9287 12948 3998 3178 12763 4565 1931 1207 1207 2671 14937 1207 1229 11353 1207 2146 13905 9287 9158 14401 15385 5606 15167 14504 12706 14504 1096 12236 16311 16311 10373 531 6280 12635
12868 4493 399 172 3512 6192 13391 15200 136 12563 2615 10250 12635 142 2904 142 12706 10992 2904 11353 3888 9965 9287 9287 6323 2658 138 16502 9223 13391 132 3695 8613 9287 2981 9287 12214 6323 6323 138 16502 16725 9223 1172 12635 2669 5949 132 14993 9287 9287 12214 9287 12868 12214 9345 15898 15239 3043 14333 13391 14333 13391 13500 11353 9273 1931 12421 11771 2669 13391 11353 9635 9635 13066 12822 13066 12011 15324 9635 5548 1516 1516 9635 9635 12822 3666 3666 12957 9071 5548 10895 15805 3075 15805 15805 13066 4070 10332 9635
8691 3135 6192 15429 6104 3836 9290 3178 6199 873 3318 6011 5606 7809 9763 7895 7895 9287 7895 1272 7895 7895 9287 14008 15588 13612 13612 1272 10838 335 11771 1172 10838 1310 13612 11075 9581 14008 9457 1310 13138 13117 7376 10838 9372 11771 9273 10838 5699 7376 9799 5699 7376 235 235 1639 4066 10103 15743 12765 12382 5131 13105 9806 9382 13455 8803 15200 2819 162 9382 10081 13249 2819 3178 873 15383 162 15200 8837 2750 8440 3178 3178 11677 7635 1937 12390 13995 3919 13118 2842 1414 12002 14104 12002 13465 10198 16311 10064
866 13582 10476 7793 7895 2669 7770 9581 1197 6986 14729 6729 13905 4497 257 13391 13329 6484 9287 13391 14604 13391 1529 13391 1529 16311 14604 2751 9635 13286 6877 1937 2750 2750 2750 2750 814 12763 2008 814 1563 814 2008 13391 1856 8063 2750 3178 2583 16196 3178 12091 3178 2750 7895 11604 5699 5699 5699 5699 4562 8668 14333 3958 9345 6323 6323 12214 138 16311 16311 4277 8615 8615 12079 1529 14604 1529 1529 1529 1529 1529 1529 1529 14604 6795 2392 12638 6062 6263 13658 12113 15383 12763 92 2927 5552 14430 13144 13268
14937 6877 4577 6877 7895 7934 15871 14729 16710 4060 5880 10687 13222 10687 15528 2024 6755 2450 8134 8134 182 13083 2761 2761 2761 9969 9991 5959 8219 9372 9965 9965 194 9965 7856 7895 7895 7895 7895 7895 7895 7895 7895 7895 9461 12635 16008 13221 10682 2182 12018 4643 9965 8702 3294 14178 8147 11897 487 15429 11026 5880 9372 13037 6323 406 12545 13391 6323 138 6948 138 9965 9965 2669 1172 13391 4504 11771 13391 3178 3178 13391 4660 7913 5469 11985 15439 13348 11985 15439 13476 1312 9345 9345 2228 12948 9345 9345 12897
4066 5356 12635 12763 16311 745 12635 6192 12635 5606 10474 2669 3178 12214 12214 2669 12214 11975 2658 2658 138 13391 13391 9965 12214 2981 4277 5840 2658 16311 10329 6323 13391 132 14324 8613 12214 9287 12214 6323 2658 14958 12079 13391 13391 132 14324 8613 12214 12214 4277 9287 652 6323 9464 16725 131 16311 9287 12214 8902 11374 9169 12986 6877 6877 3379 8724 15605 10181 8020 8020 13198 13198 14580 13198 11436 1926 16885 1895 7634 7634 1339 14891 6366 7627 11881 11881 6552 11881 6552 7113 2898 9524 14193 6552 3900 15324 10895 5548
14144 9864 3178 6192 3178 13391 13038 5606 13175 9965 1352 2558 10262 10694 16038 6061 8684 2669 15324 2671 4277 15324 2669 2669 10126 12936 2669 8538 16311 4989 9701 10145 10145 13006 16311 4034 13658 5880 2669 10145 10145 745 12763 11245 4034 2669 2669 13658 2669 13213 5890 3178 2583 12765 9287 14237 13391 2791 2791 3178 194 10103 13898 3178 3178 3178 3178 4326 16375 12214 13391 9287 11771 9287 16311 16311 11401 2669 9287 8530 14341 6385 3649 16740 16740 3649 3649 6252 3649 3649 3649 3649 3649 3649 3649 6561 16311 2669 11771 11771
14604 7895 257 5147 16981 3221 15871 9287 12763 16311 6877 1931 1207 13695 1207 12293 8808 133 1931 1207 791 8091 13845 13845 15746 1931 10233 11772 7022 7855 787 1931 15648 3932 408 5881 5137 7406 13414 5880 15429 14106 12537 2668 6097 2668 13987 6097 1332 2668 1207 1931 8084 1931 1931 6097 6097 14447 591 2668 1207 8863 2146 1931 13905 3660 1931 4238 6097 2668 12822 6097 8431 138 8863 1207 1207 3074 15648 15648 6624 6097 6798 2668 8863 1207 3074 15648 1931 6097 10915 15935 8798 9948 4539 13198 13198 9972 9972 14001
1326 8384 5989 16997 993 13865 12763 7895 2669 7770 3487 11270 1543 3455 15397 16896 1197 5084 15429 15429 12429 15429 16710 3348 12272 3348 15429 3348 12635 4137 6192 16710 16710 2669 12550 6192 3963 15019 1938 7886 14504 9648 9223 3062 14786 4298 8624 8084 3318 12550 1938 8152 12550 1938 520 3062 4298 12550 14052 12023 3695 866 8084 12550 1931 15648 8201 7854 12822 12822 7854 7854 5667 15429 15324 15324 12948 12948 4137 15972 5137 7406 13414 1207 15429 5606 12214 9024 15429 5890 4885 1207 10004 15429 1207 9287 8084 112 112 12574
1529 2250 11074 5989 7759 6192 9367 4274 12812 10204 7935 2981 12550 3898 15362 7401 10088 3888 10088 2981 4277 12214 6192 4277 12214 12214 397 138 6323 14158 5086 15123 1152 1152 16063 3178 13391 3437 267 1330 9287 8902 11215 9169 12986 1931 1931 10146 10915 15935 8798 9948 4539 3271 9972 4555 14001 2360 14303 14303 4275 7518 7993 8936 8379 15390 3966 8940 8940 7504 10262 11774 9287 1931 6245 7156 1552 12930 7390 6974 14006 14006 4810 278 13448 3112 4337 13391 13391 13391 2820 5885 5885 7935 7935 6982 5885 3739 11604 7935
11345 396 10019 15429 16896 6192 6923 15429 13392 3178 6931 6561 112 13138 1310 10838 9273 11771 10088 13983 2751 6561 9273 5949 12550 7376 1172 1173 13015 3094 5107 30 7220 7220 15577 3260 1783 6199 9287 3178 3178 3178 5392 3178 9287 1931 11771 1172 11771 9287 10103 13437 3178 13222 13455 13455 745 9382 13455 3178 2583 12765 9287 14237 13391 16616 16616 13144 9287 9287 9372 14937 9287 13391 12765 2791 16616 3221 13144 3221 2750 3221 13144 11771 16311 10103 4326 16311 8715 2669 2669 6263 6263 8440 3178 3178 2669 11245 16311 8715
3178 531 12783 8063 15210 7895 7895 9965 2669 7895 13424 7895 16542 7895 255 11187 13779 7901 8360 9976 10047 11233 11353 7561 12763 7895 2940 15063 9986 3581 9022 6387 1811 8066 4690 12948 12948 1172 9594 9127 750 1085 2712 12333 1568 833 3178 13834 10088 833 3520 162 3570 331 14504 3178 331 15429 9965 7121 15324 4066 15805 12868 4845 9965 5378 8411 9372 4326 10676 4753 724 1730 724 7162 5699 8518 290 4794 3020 16679 8411 8411 8411 8411 8411 8411 8411 8411 8411 8411 8411 8411 1533 16432 16432 16432 3178 16432
2791 10723 11353 2669 5606 1905 15429 7895 11830 12635 4063 4590 8408 16644 3480 15481 13582 4430 10197 9287 13391 16725 138 9372 8613 3178 11105 13682 4242 9273 7066 7066 3178 1275 4189 3133 12211 16311 12211 16311 2669 3368 11771 3178 4066 13683 3178 13683 16988 3178 3178 3178 13683 5699 16988 3178 3395 13683 3178 13222 8831 6137 16311 13446 13391 2341 13649 16374 4565 2669 13188 11236 3178 3178 14504 2750 11659 13909 16504 9345 14333 7924 12214 12765 12214 12214 6925 12214 138 10329 9372 13391 8613 13905 9287 9287 13905 12214 6323 14120
2750 3178 1414 7489 4987 1567 13983 7285 7895 2669 13772 16618 16440 2671 15617 12550 2593 1938 3062 8066 2904 12550 1938 5197 1938 14786 12822 2904 3535 6610 14370 16686 4277 13905 7209 1931 8613 13391 1932 2669 12214 9287 9287 2669 6877 9965 531 3592 7935 7935 3178 7935 7935 7935 7935 7935 7935 7935 7935 7935 7935 531 7935 7935 11604 7935 7935 7935 7935 7935 7935 7935 7935 7935 7935 11604 7935 7935 7935 7935 7935 7935 7935 7935 7935 7935 7935 7935 7935 7935 7935 7935 7935 7935 7935 7935 7935 7935 13391 9457
6192 1035 138 13391 2671 6526 9382 1931 719 10549 4722 12327 14660 8296 2708 12462 12462 8819 2349 8819 16056 16311 14710 12421 8922 13729 14850 2666 14598 369 3001 12763 3372 11841 13911 2669 5744 10978 16311 16311 3093 7250 6564 6576 11519 3178 16311 173 5377 6181 15477 8114 8114 7493 7493 3785 14927 7123 9287 9287 523 15274 11572 7950 2374 8027 10347 7630 7641 12891 3169 4066 4066 3603 16144 6662 807 15146 15146 12301 110 531 3178 4277 12765 2669 4277 5131 16311 3178 3178 3178 3178 3178 3178 3178 3178 3178 3178 3178
9273 10814 3178 10375 9114 14937 12731 9382 8440 9287 6877 16311 6192 1272 14686 13462 10103 11771 3178 1272 2751 7376 112 1172 4729 4066 8661 5301 6213 141 2446 7398 9688 3762 1727 6452 13380 11909 16896 1172 1172 12635 1335 5699 11209 5699 5699 9287 5699 1172 16944 11877 5699 5699 3478 3178 9965 15429 1414 9790 1414 1164 6561 14008 1172 7121 724 1730 15910 3178 16544 6871 13955 13955 6731 7867 3178 5699 1276 5699 6118 5699 5699 5699 2842 5699 5699 8291 5699 1172 1730 6089 13392 3178 10398 194 11767 13392 16389 11771
15200 2669 12550 16311 15429 6192 8803 15871 14729 15545 16311 11499 9893 2669 16531 13582 11771 7354 4932 6561 12948 12948 10986 4137 16342 5835 16896 16896 13781 5835 14942 12193 12164 9114 8087 16342 3178 11270 16564 12635 1313 2697 531 531 711 15744 5131 6199 2583 12765 9287 14237 16616 13391 13391 13144 9287 138 2751 10103 12765 9372 6877 13066 1207 4989 6877 257 9127 9068 9068 9068 8410 14504 1414 9127 9127 9068 2832 2832 9382 9127 1414 9068 6199 9068 3060 5699 12888 14504 11236 1414 14333 13391 12214 15063 6323 4471 138 3068
5094 9729 3020 3059 7895 2669 7770 9635 7935 7895 15871 11353 14333 1876 11088 12635 16311 14324 3078 9287 9372 11771 11771 6362 2669 2799 16311 16311 16311 1223 15669 4884 9170 3924 2669 3178 745 16311 16035 8267 6476 15288 15288 4169 4551 11660 13713 2669 43 2669 2669 16519 1932 1783 6511 10986 12361 12361 12361 11353 12074 7240 16143 13639 15370 15235 7132 8305 16864 8305 16864 4100 5749 12900 5031 12484 12365 8630 8630 9649 9649 3229 16740 2927 7370 10088 887 10727 5731 13018 13928 9345 9345 9300 3055 6738 12437 6396 2669 5251
16311 14069 11998 15307 14421 2671 7895 7895 6192 1313 5606 11991 7895 7895 7895 7895 335 14937 7635 15324 3296 16311 5880 2669 16895 5880 15324 3178 3178 3178 194 5796 3178 9382 3178 3178 13391 814 8423 7635 2819 1699 11376 16818 5389 3178 3382 7691 1414 15429 9287 10923 13391 1529 14604 14604 1529 14604 257 1529 14604 3167 531 531 12537 6192 12948 7741 11327 1504 4614 1856 11795 14421 8732 11270 11270 11270 16834 816 8063 5880 7895 7895 2823 7895 7895 7895 14716 7895 531 2669 2669 9287 9127 7989 1937 14504 1414 1414
13834 2669 1711 7935 6097 12936 12948 12948 7466 6738 6192 7935 7935 11604 11604 7935 7489 7935 7935 7935 7935 7935 7935 7935 7935 7935 7935 7935 7935 7935 7935 7935 7935 7935 11604 7935 7935 7935 7935 11604 7935 7935 7935 7935 11604 7935 7935 7935 7935 7665 7935 7935 7935 11507 7935 7935 7935 7935 11604 7935 7935 7935 7935 7935 7935 7935 7935 7935 7935 7935 7935 7935 7935 7935 7935 7935 7935 11604 7935 7935 7935 5104 7935 7935 7935 7935 7935 7935 7935 7935 7935 7935 7935 7935 7935 7935 7935 7935 7935 7935
10103 3178 10414 9955 5589 8084 9094 5606 4996 11957 6762 12822 12822 12107 6097 2668 2668 7895 1207 1931 13391 12421 8922 13729 14850 2666 14598 369 3001 8294 3372 11841 2669 2669 10374 11166 16311 3093 7250 6564 6576 13875 11519 13658 6564 6576 2669 2669 2669 173 16311 5377 6181 15477 15477 2669 16311 16311 3785 14927 7123 9287 9287 7770 7144 10317 6710 635 7919 13786 2798 6367 1799 1799 13391 12343 12343 12343 1232 12343 15665 834 12145 3804 1460 3435 9287 16311 8827 13391 13905 866 13391 15722 7000 13391 6611 6611 13391 9287
13371 10706 12783 3382 9888 11088 2669 14421 6561 15429 7895 4343 13316 5606 1172 9965 8787 6923 3178 5699 11535 16311 9648 14708 1938 14786 595 595 10854 13219 6877 1172 4298 2904 3318 12550 3318 1938 15429 8084 16359 16311 10549 3695 8084 8084 12868 3695 5809 6877 12868 7854 5014 12023 866 12550 8084 10549 1931 15314 16311 14689 7489 8010 1931 10379 5840 12258 2625 9287 15429 12550 2228 10549 6877 6097 6523 14949 2668 1207 16311 3074 15648 14008 6097 6097 2068 2668 12822 12107 12107 1202 16311 6738 4277 11353 14333 7935 11507 7935
7466 16896 9955 8862 531 866 9094 16710 14649 12812 5606 8463 12550 12214 13400 3752 13391 11604 13388 12214 16311 1849 7895 4326 16896 16896 3020 711 2669 3178 12936 12936 9701 10374 10374 3178 13455 44 9806 873 44 44 491 44 44 9806 44 44 44 44 44 44 44 13455 44 15383 44 9806 44 44 9382 12731 13006 14188 9382 1272 2751 13138 335 16845 9806 2927 718 7376 16311 2751 1310 5185 11480 14008 13138 1310 13117 6877 14008 15588 15588 3178 15588 8586 9965 10088 5699 16311 3178 11215 5699 5699 745 5699
10086 12906 12783 5880 8033 7895 2669 10750 6192 3860 7895 7895 5606 4343 7895 3825 15904 15459 11095 4515 665 1050 7185 966 6644 2790 12635 8907 194 112 11847 386 7878 731 1546 12537 1414 9127 9127 2832 9068 2819 13834 11604 5699 8440 12231 13222 1414 1414 9127 1085 750 2712 4277 9287 2669 6323 12214 6323 12805 138 11332 13391 132 2207 9287 9287 10251 7441 13391 132 14324 501 10339 3242 8367 2935 7597 8464 5656 9635 15123 12635 6561 2849 15123 1152 13391 16063 13391 13391 13391 267 9287 12214 1330 8902 11374 12067
12727 2429 9372 8803 3178 9955 11944 3178 9287 10923 9372 1931 3178 12635 9382 814 3178 16896 11419 913 13391 10923 4264 5355 14918 2512 4913 12508 12214 12214 6323 2671 16502 138 12635 13391 132 14324 8613 12214 2981 12214 9287 2658 6323 16502 138 13391 5772 12214 6323 1139 138 12214 13391 13391 6323 13391 15653 13391 12410 13391 13391 132 14324 8613 12214 2981 9287 9287 6323 6323 4954 138 11072 13371 12214 13391 6323 138 138 9287 2669 12214 9287 4277 13905 6877 8613 13905 10549 7854 12023 8271 7494 9287 9287 7854 8238 5025
9287 6192 6192 13144 9965 3178 16311 2712 9148 14649 5699 732 7489 14538 9965 16311 9923 11808 3178 11185 97 97 4810 5606 14729 14729 15588 1310 8803 335 5606 10103 1272 2751 15139 1310 1310 9581 14008 335 7376 335 13612 3178 10103 15588 3178 272 272 272 8831 10103 272 1272 1272 10838 335 6877 10103 1272 2751 335 10838 10103 3178 6280 10103 12765 2751 10923 1172 335 11771 9287 9287 9287 10103 13391 13905 13066 14922 9635 14025 12822 13066 13066 9635 9635 15429 15324 15429 14333 9372 7416 6877 9345 1172 12948 11679 13066
15541 1414 16044 5392 3260 7220 5290 6984 2842 3178 16311 10856 1856 7210 272 1310 15588 7895 7895 502 7895 7095 1310 7895 5606 7895 7895 11991 1310 335 335 745 272 873 2751 335 10838 335 1310 15139 13117 3178 14008 335 11245 2669 15778 5826 8661 5301 141 141 2446 7398 9688 3762 1727 6452 13380 11909 16896 9287 4328 1938 286 3665 1931 12550 13198 1788 13198 13198 10253 13198 13198 13198 13198 13198 2076 16888 3527 7849 6625 12148 15217 4870 8940 6710 6710 887 14584 14444 14333 1839 887 10057 3724 3512 3512 3512
2669 2895 6043 3178 10892 14333 14333 531 11578 7895 2669 3020 12635 16311 14729 2669 12765 7968 6323 5632 138 12214 11072 9287 7924 13391 11072 7924 7924 11072 7924 11072 7924 11072 7153 11072 3009 7924 7924 7924 7924 11072 11072 7924 7924 7924 3009 7924 11072 11072 7924 11072 7895 11072 7895 2972 15015 7895 11030 531 5606 7895 7895 7895 7895 7895 7895 7895 4066 5880 531 5606 4316 11138 16100 3251 12763 4092 8411 13603 8411 8411 8411 8411 8411 8411 8411 8411 13603 5949 5949 11604 3178 11604 6199 11604 11604 11604 3178 5699
7895 12783 16311 16311 12948 7895 5606 13582 3377 3377 3377 5357 9908 961 13912 2228 2600 12783 15666 10063 13582 13582 13582 5136 2857 14729 16311 13329 13582 13582 2669 8703 8703 15249 10063 13582 14729 10129 6192 13126 13582 13582 2669 531 531 6192 10129 15249 8214 15249 10063 14729 10129 10129 16311 10129 2669 15446 7948 10063 10063 13582 16311 10129 2398 16311 13329 16311 6526 13582 15744 10129 10129 2218 12058 14729 7990 7990 14729 14729 6526 9287 6526 6526 7990 2398 531 16311 13582 6526 2669 10129 13324 12783 7865 10063 13582 10129 13582 6526
5251 9635 9729 7895 7895 11270 1931 6192 12121 1207 4274 8833 5373 8566 16311 14263 14263 1235 1235 2576 14937 3055 6444 12437 6396 3517 2669 5251 15817 7115 6989 10947 11604 7935 7935 7935 7935 7935 7935 7935 7935 7935 7935 7935 7935 7935 7935 7935 7935 7935 7935 7935 11604 7935 7935 7935 8699 7935 7935 7935 7935 7935 7935 7935 8699 7935 7935 11604 7935 7935 7935 7935 7935 5104 7935 7935 7935 7935 6051 13682 11105 7935 7935 7935 7935 7066 11604 7935 7935 7935 7935 7935 7935 7935 7935 7935 7935 7935 7935 7935
