32 323 8 321 322 549 570 336 350 352 356 354 355 353 357 349 1001 442 441 2677
1719 5972 611 465 464 201 240 882 881 962 65 65 65 990 991 65 16 362 365 373
370 372 371 374 368 378 377 382 380 383 379 744 10 384 385 386 387 388 389 393
391 398 394 395 390 397 399 405 403 402 404 412 410 517 408 326 245 360 197 400
323 196 406 407 411 333 335 326 720 918 409 334 323 414 413 245 197 326 323 196
415 392 417 418 1084 1110 1111 1126 326 6457 9919 6452 0 6930 6450 323 425 420 435 434
326 3 440 443 444 439 445 446 15 447 358 3 4 1045 1145 4 662 292 683 3
291 454 455 456 1420 0 49 4 1418 1468 1470 1466 1471 1467 10 10 10 1457 1458 1476
1475 1477 1474 1765 1556 1473 1478 1479 1481 1480 2436 2593 2582 2585 2565 1486 1487 1488 50 242
49 243 2610 2600 2606 2644 2501 50 3 1490 337 338 339 342 343 345 15 344 346 347
348 307 684 4 309 310 3 361 359 363 364 366 308 4 647 273 686 3429 1515 1185
4490 3 274 396 401 586 422 423 4 3 428 431 436 437 1163 3429 438 433 470 469
476 477 480 481 925 924 933 934 949 950 199 767 953 892 1027 10 10 449 448 1743
1779 450 451 453 452 776 779 790 747 791 998 458 457 459 432 4 755 427 429 3
461 460 463 15 462 34 4 35 169 471 265 34 170 466 311 0 514 513 961 960
169 244 35 471 265 34 170 483 484 486 485 0 35 3 487 488 492 493 496 495
498 497 499 500 502 501 503 504 506 505 508 15 507 46 510 512 515 516 37 38
37 37 38 38 37 37 38 38 520 320 563 4 295 294 3 523 524 526 525 34
4 2264 35 49 10 10 10 10 1572 1600 1529 1542 537 587 50 17 18 34 2025 199
2025 3667 2025 2025 3667 2025 2025 2025 3667 2025 2025 2025 2025 3667 3667 2025 2025 2025 2025 3667
8112 17 35 18 25 800 111 111 10601 255 26 806 807 804 850 329 256 53 1113 1114
1143 1144 54 17 18 25 17 26 18 34 540 541 240 2435 11083 983 984 99 1203 2065
1093 2025 3667 3667 3667 2025 5074 35 3 528 529 4 34 530 533 532 535 536 538 542
544 543 547 548 551 550 46 84 430 1 35 554 555 9 285 2 471 289 284 0
0 290 490 0 489 4202 8871 0 4203 1 33 1 2 32 8 9 579 576 2 814
566 6912 1 565 582 581 1516 1778 585 568 2 474 809 2030 853 473 1 588 589 590
591 592 593 1625 595 594 604 605 1568 1571 1649 1652 1657 1655 1659 1677 1678 1717 1725 1734
1735 1745 1748 1749 1812 1819 168 1830 1829 907 2 597 4640 905 1 1975 1979 9 9 907
2 4113 4113 4113 3501 4113 100 1544 1322 599 598 1020 1019 99 899 689 905 49 10 10
10 10 50 1 9 1987 1991 1831 2012 2013 2017 1861 1864 2026 2093 2485 2 2094 1 2098
1886 1880 1918 1920 1922 1923 1930 1931 1934 1964 1965 2 1746 1984 1983 2120 1911 1744 1914 1
1996 2003 2002 2004 2006 2007 2010 2 25 618 619 621 622 623 624 15 625 17 626 26
627 628 632 602 847 18 562 901 561 17 640 15 639 642 641 630 650 651 661 663
668 669 670 989 667 18 656 672 673 674 671 678 657 17 677 681 15 682 1540 1730
1058 1057 99 61 61 80 80 3 18 1 4 2 478 75 963 1 479 600 613 596
2 891 478 75 963 479 1 629 631 635 636 9204 4984 0 2 34 35 244 169 265
170 34 244 35 169 34 170 169 244 35 265 34 170 35 244 169 170 34 169 35
170 34 169 35 34 170 169 35 170 34 35 169 170 34 35 3 9 9 114 115
4 815 118 716 739 1104 0 75 75 221 221 75 126 127 0 117 121 124 833 75
584 75 75 0 75 111 75 111 75 111 131 845 858 130 122 129 0 1008 75 111
75 1756 2584 754 1154 75 75 75 221 133 0 123 128 132 829 75 75 75 0 75
75 75 75 134 848 0 3 125 23 4 9 106 109 705 112 797 24 719 491 75
0 75 0 75 1580 221 75 221 75 75 0 110 23 24 3 105 113 4 766 107
707 0 221 0 75 95 95 0 0 819 4771 742 768 3863 1326 0 1154 91 0 111
95 95 111 95 0 896 7 7 7 7 7 7 7 7 7 7 7 146 108 3
4 1 68 257 66 2 0 202 0 95 221 95 221 95 202 1040 634 633 1120 1119
99 687 688 0 772 774 771 95 95 144 1156 67 1 70 17 2 697 696 665 18
1012 698 692 702 701 703 704 706 694 664 25 713 712 748 746 756 757 759 26 758
574 25 575 761 760 781 780 783 617 26 782 616 49 50 17 18 617 25 616 789
788 792 793 794 795 652 691 796 775 26 1204 786 787 25 801 799 898 26 519 718
717 871 843 721 722 15 726 724 731 15 730 728 732 969 733 695 690 5533 8368 1704
822 4211 1105 0 735 734 738 49 518 1 50 9 2 239 297 238 298 1 2 239
238 297 298 317 1533 316 419 545 421 0 546 324 679 325 751 680 805 750 3530 808
894 895 1 2 239 297 238 1790 298 1 9 27 27 27 27 27 27 62 62 416
226 1422 188 178 729 778 1136 2 777 1 849 903 200 188 864 188 62 206 33 2
8 32 1 8 84 46 1162 1161 69 40 40 729 2 778 1136 777 1 849 100 116
270 864 903 62 416 2 275 276 239 238 1 23 2 928 932 24 3 168 168 9
114 115 815 118 4 1104 95 95 831 127 126 117 124 121 833 584 95 584 95 584
95 95 95 221 2211 131 122 129 858 130 111 111 1008 95 111 133 132 128 123 829
583 95 221 95 583 1154 90 221 90 134 125 3 23 4 9 106 24 797 109 112
491 491 90 3408 1580 110 23 24 3 105 4 107 113 766 820 90 1154 820 90 3
108 7 7 7 7 7 7 7 7 7 7 7 4 1 68 2 257 66 90 202
813 90 146 3301 90 262 144 67 1 70 3 2 978 981 4 25 824 825 827 826
830 765 1199 26 784 1882 90 866 25 785 870 868 5 873 872 874 875 878 877 880
818 885 883 889 888 893 890 897 1 26 740 860 44 863 862 861 753 17 2 828
832 821 18 534 1029 836 811 769 0 531 17 18 534 838 835 0 17 531 841 18
25 879 26 17 18 1029 534 531 17 1029 534 18 769 5318 11450 5323 531 17 534 1029
18 90 221 769 4654 4654 17 531 534 18 17 531 534 18 221 769 17 531 18 534
221 221 2401 4339 531 17 25 18 572 26 1077 221 1128 917 916 919 915 922 921 571
25 923 954 26 572 571 25 26 572 1077 1128 571 25 26 572 1077 1128 571 25 572
26 25 571 26 1 2 1 2 208 9 0 2429 3590 140 0 140 9 207 1 580
206 8 33 2 1 32 8 1159 1158 1284 136 2 4771 99 1206 1205 1259 1260 99 99
99 99 40 743 745 852 851 802 69 151 46 46 84 1189 573 137 1 208 2 9
9 0 2308 2410 140 9 0 111 90 140 111 140 90 111 111 4771 111 221 90 111
90 140 111 90 140 140 1 207 580 2 28 29 21 9 111 90 111 111 0 0
9 22 28 0 29 21 9 0 0 9 22 28 0 685 0 45 29 148 21 9
90 111 90 0 221 90 90 111 0 39 39 39 9 28 22 148 149 48 29 21
9 0 7479 111 111 111 111 2662 156 9 28 22 45 149 21 29 148 48 9 111
111 111 39 165 0 156 9 22 28 45 48 482 1154 556 610 45 0 48 139 142
221 221 0 6714 6710 29 0 8419 6707 28 29 49 1 50 9 2 25 194 1003 191
192 26 1022 0 0 0 0 221 221 165 165 165 1399 3 193 9 4860 4860 4860 4861
4861 4861 4860 4861 5187 5187 5193 5193 4761 4768 2301 2304 81 4 4862 4862 65 4862 4862 218
5253 5253 82 49 77 50 78 224 4800 225 49 50 3 4 737 183 736 2316 100 184
49 17 50 18 63 904 906 911 912 914 913 2512 1121 930 929 936 935 938 941 942
944 943 946 945 947 948 952 951 957 956 959 958 1176 967 966 971 972 973 974 977
64 164 976 163 63 979 980 985 986 988 987 25 64 26 1077 572 221 1128 25 571
572 1077 26 6 1128 221 39 571 25 995 996 997 994 26 63 1004 1002 17 64 18
81 3 82 34 4 49 35 50 17 18 63 1013 1014 1018 1021 1023 1023 1024 1026 1025
25 64 572 1077 26 1128 25 571 3255 26 340 1112 221 39 221 39 39 221 39 1152
25 341 116 1 26 14 14 14 14 9 9 9 2433 1878 1402 1626 1352 1353 1047 1006
1007 1007 1006 940 939 768 2523 2522 3224 5 40 14147 2063 2652 5 40 2984 2984 5 40
2442 5 2442 40 4932 4928 4928 4928 4932 4928 4932 4928 4932 4932 4928 4928 4932 4932 4928 4932
4932 4928 4928 4932 2 136 189 137 6 1498 2926 190 49 50 51 52 234 4943 4943 1000
4943 5972 2888 3429 9761 3261 4005 4610 4943 2185 4943 4943 4943 12721 4943 4771 6 2248 6 6316
6 6 6 165 2399 4943 4943 2876 11454 49 235 53 50 54 3 37 37 38 38 37
37 38 38 37 38 2731 2740 1438 1439 1441 1442 1463 14 115 114 815 4 118 6 0
165 6 165 39 6 165 165 0 6 6 6 221 39 6 15 1324 39 127 126 831
0 117 121 833 124 5709 39 584 6 165 6 165 39 0 39 221 39 0 39 221
845 131 130 858 129 122 6 6 6 6 0 39 39 221 840 133 0 829 128 123
132 39 583 583 39 583 0 39 221 39 0 134 125 3 1148 1147 23 4 14 666
106 24 112 797 109 3335 39 0 186 1174 165 39 0 1520 39 221 39 0 236 39
23 110 179 3 24 105 4 113 766 107 39 39 0 2973 186 0 39 0 0 39
180 0 146 0 3402 39 0 39 221 39 165 165 165 165 39 165 39 165 165 221
39 39 3301 165 876 7 7 7 7 7 7 7 7 7 7 7 7 144 108 3
1 4 206 729 778 2 1136 777 1 849 903 200 203 62 864 62 27 27 27 27
27 27 203 203 203 200 601 188 416 27 27 200 203 27 27 27 203 27 416 305
62 62 62 62 25 2 26 572 25 571 572 26 25 571 26 572 571 25 572 26
571 571 25 572 26 1077 1128 25 571 1077 26 572 4085 886 1128 1384 25 571 26 340
221 1152 25 341 1011 1009 1015 1016 1017 1017 63 26 1062 64 560 1068 1069 221 859 1072
1070 1071 1065 1067 1028 0 39 221 39 221 931 1081 1079 1082 1083 1085 1080 559 63 1087
560 64 39 79 559 63 64 560 79 79 79 931 63 559 230 1183 560 64 79 79
63 559 64 560 1183 79 221 79 931 803 559 63 1 64 40 40 1958 1961 8 2
33 1 32 8 2 3 4 1 116 1502 100 84 46 46 151 854 15 44 2845 34
2 2688 2906 2895 2946 2969 213 213 1330 1330 35 1430 1707 8 2991 53 1431 3 54 14
114 115 4 118 4474 0 101 1419 927 0 1435 927 221 79 79 126 127 124 117 121
0 539 6007 101 79 101 1154 101 79 0 79 101 101 79 101 79 101 221 3742 0
79 79 101 79 79 101 79 131 230 4355 130 129 122 0 89 221 221 0 89 133
128 132 123 89 101 0 101 89 101 89 101 0 221 89 221 89 134 125 3 4
23 14 106 109 24 112 0 1921 89 101 0 101 89 0 221 89 101 101 101 101
120 110 23 24 3 105 113 4 107 0 221 221 1154 0 4565 0 0 237 281 89
0 221 89 810 89 0 221 89 89 0 89 221 120 89 120 1052 120 120 89 1052
120 120 1052 120 89 120 120 120 89 1052 146 144 3 108 823 33 4 8 3 32
8 37 37 38 37 38 37 38 37 38 38 4 19 1031 1032 1034 1035 1036 20 1038
467 1039 1037 1042 1043 1044 19 1041 468 1050 1051 1064 1074 1073 7 7 7 7 7 7
7 7 7 7 7 7 1091 1092 1094 1095 1096 20 1089 658 1921 660 19 12 11 1130
12 1129 77 20 11 1132 1133 12 12 11 12 11 11 1142 1137 12 1157 1097 78 1503
1102 12 11 11 12 11 12 11 12 221 12 1164 1103 77 1165 78 19 1166 1172 1173
1175 1171 55 20 1202 104 1201 56 19 15 1211 1212 1216 1217 1221 1222 1223 1210 1484 20
1196 19 1195 1238 1239 1066 332 1106 5606 3482 1174 2463 753 1245 1246 1251 20 33 8 19
32 8 1254 1249 1252 1253 3 20 120 4 467 468 1 1271 1270 1268 1265 1267 1272 1287
1289 1290 1291 1296 1258 2 1591 1288 1286 1 1310 1305 1332 1325 2 1723 1363 1 1361 1368
1351 1357 2 1712 1358 1 1373 1371 1374 2 3 1377 1376 1375 1381 1382 1380 1379 1389 1392
1391 1390 312 4 313 3 4 23 24 208 14 2294 4168 0 120 120 41 120 0 120
221 221 41 221 2037 14 603 0 207 53 1 54 23 2 1395 1396 1401 1403 1404 1406
1405 11 24 3 4 3 4 292 683 291 3 77 4 78 3 273 4 699 3 274
3 4 1 4 2 1 2 1198 7951 1 1197 1 2 729 2 778 777 1 849 206
2 208 14 2402 0 41 14 140 140 0 120 120 221 120 41 140 120 57 57 41
57 221 41 2037 603 1 207 1971 1667 2 2124 2125 2126 2123 2130 4645 15 4802 4638 15
4705 1668 81 236 40 3075 3076 1292 601 203 903 2757 2762 864 27 188 27 27 27 27
27 226 203 62 62 62 40 711 3068 1229 1330 1330 213 213 203 3 82 4 1 1554
14 2 25 194 26 191 192 1226 1553 0 0 1499 281 69 0 1453 749 1969 230 2071
69 0 5210 1564 40 69 1761 1312 8 33 193 192 32 1226 8 25 193 11 26 1
14 1414 2 239 6 1 238 3 2 7165 4 12762 7193 7193 7193 7041 3 13394 6530 69
4 19 20 2183 57 2181 255 57 256 19 2183 20 6 11024 11289 11602 11289 11024 6 11602
2181 2474 9086 41 6 9086 6 255 2475 57 19 256 57 2183 20 11024 2474 2181 2475 255
256 1 2 3 4433 6730 573 10 172 40 8 33 4 32 3 8 84 46 46 100
116 1208 199 151 2568 37 38 37 37 38 38 37 38 37 38 4 1 19 2 1086
20 63 560 64 1183 6 221 6 6 6 6 6 6 221 6 41 6 6 6 6
6 6 6 931 6 559 63 230 3499 8304 3502 64 3 14 115 114 118 4 0 126
127 117 124 121 0 6 6 6 221 0 6 131 129 130 122 6 6 6 0 6
221 133 132 128 123 6 6 0 6 6 6 6 41 221 0 221 134 125 3 23
4 14 106 112 109 24 0 6 6 6 57 6 6 57 57 172 0 236 1577 6
180 221 221 41 0 110 1108 6 0 0 1154 6 180 180 23 1107 3 24 113 105
4 107 0 0 0 3834 0 146 1154 0 41 144 0 108 3 28 4 41 0 29
21 14 0 14 28 22 29 21 14 6 6 6 6 6 57 6 57 0 6 57
41 14 28 22 45 381 48 221 198 578 4021 0 45 149 21 48 148 29 14 41
57 156 0 14 22 28 45 482 48 41 556 610 45 0 48 139 142 29 21 14
0 14 28 22 29 21 14 14 22 28 1534 29 21 14 14 28 22 21 29 14
14 22 28 896 7 7 7 7 7 7 29 21 14 14 22 28 29 21 14 14
22 28 29 21 14 14 8 15 22 28 29 49 3 50 1610 15 3010 3011 3319 3656
4 1 2 1 206 2 208 14 140 57 57 57 57 41 603 14 1 207 14 14
14 25 2 191 26 192 194 62 1154 236 749 69 5810 1378 1921 41 193 2367 6266 2366
25 1 26 14 8 33 2 1328 1 32 8 12 11 12 11 12 69 69 69 869
14720 9169 211 211 211 1190 217 910 909 908 1046 1048 1054 1063 2 76 42 1231 1232 5600
43 1 1489 5 5 5 5 5 76 42 2 15 221 4844 4057 15 43 1 91 2122
12 12 11 2 19 12 258 20 1033 1154 3453 221 41 1099 19 259 88 91 237 8
33 20 32 19 8 116 100 2228 4736 172 63 20 560 64 1183 931 7741 63 559 560
64 1183 931 46 230 84 46 211 559 63 64 560 1183 6396 41 931 559 63 64 3
37 38 37 37 38 37 38 37 38 38 270 69 14 14 114 115 4 815 118 102
102 102 1104 102 41 102 3853 0 221 1679 126 127 124 121 117 833 83 3337 57 1154
0 57 83 57 0 845 131 858 129 130 122 0 83 221 840 133 1174 2620 128 123
132 0 0 83 134 3 125 4 23 14 106 24 109 112 57 0 57 57 83 0
221 23 110 179 24 3 105 4 107 766 113 0 837 0 820 83 0 221 810 237
7 7 7 7 0 0 83 57 236 7 7 7 7 83 0 837 7 7 83 1921
0 876 108 3 146 1 4 206 208 1304 2 14 3853 2439 0 83 140 57 140 144
0 140 49 207 1 50 14 580 2920 3 2 2717 2760 53 4 8 33 54 53 32
8 573 573 27 27 27 27 27 27 27 27 27 188 203 200 711 213 213 226 601
27 27 27 188 601 1229 203 62 54 1 2 612 376 57 57 83 57 57 3408 57
13 57 83 57 267 267 375 314 2317 416 2097 2095 40 1560 1777 315 2421 2741 57 83
57 57 13 57 57 13 57 13 57 57 267 1799 2424 323 1579 1814 1123 1123 1301 1301
326 376 612 57 13 83 86 86 1676 86 13 83 86 13 86 86 13 86 83 86
267 1799 267 375 314 11 3 315 12 11 1 4 12 12 11 68 2 257 66 8232
0 86 86 83 202 180 74 74 74 74 74 0 67 1 70 68 2 66 257 1676
0 8594 236 86 83 202 202 0 83 86 86 1 67 70 68 12 12 11 2 257
66 11 12 12 0 11 11 11 86 0 180 172 83 67 1 70 68 2 257 66
86 762 72 762 72 67 1 70 8 33 2 32 1 8 49 2 3041 3040 3042 3049
3062 1776 3080 1 50 2 19 20 63 1328 1328 33 8 64 63 32 8 1183 560 64
72 931 559 63 46 151 1124 1236 69 270 84 46 1394 1394 1394 3237 3 64 100 116
14 114 115 118 4 815 1075 13 86 86 86 13 1104 0 72 2546 72 127 126 121
117 833 124 86 86 584 0 13 1154 72 0 845 131 130 122 129 0 72 840 133
128 123 132 0 583 0 72 134 125 3 4 23 14 106 109 24 112 0 119 0
119 72 119 0 2546 119 1410 119 119 1869 0 88 110 23 24 3 179 105 766 113
4 107 0 820 0 0 0 0 119 72 0 10222 72 876 3 108 1 4 2 1
14 14 2 25 26 194 191 192 1554 1553 146 144 7 7 7 7 7 7 7 7
0 0 741 0 749 1106 2440 1628 0 72 2546 1399 0 25 193 26 1 14 2 3
1688 1680 1766 1866 1854 1635 4 19 250 250 250 332 7216 255 20 119 19 256 0 0
723 0 723 3126 0 0 0 250 250 250 250 0 0 250 250 250 11 11 250 250
250 250 250 250 250 250 250 250 250 332 250 2430 250 33 20 8 19 32 8 332
539 186 69 211 20 23 3258 3311 3312 24 34 8 1707 35 1430 2988 3013 3009 227 3031
3022 573 1431 34 3558 213 213 213 97 97 97 97 97 97 1430 35 1707 213 188 1229
1005 62 62 226 34 1431 17 35 19 18 20 63 64 560 1183 1121 1121 72 931 63
559 1183 560 64 1154 72 931 63 559 64 1183 560 72 931 559 63 64 19 1150 1151
1155 1098 55 20 104 72 237 813 237 237 2546 762 72 147 56 19 20 17 53 18
4456 237 855 281 74 74 74 74 74 74 74 74 74 74 74 74 74 74 74 74
74 74 74 74 54 17 1284 19 18 20 258 1033 72 3102 1099 3 259 179 351 2622
1520 2641 4 376 612 2546 3408 119 13 72 1154 119 13 72 36 3515 119 119 36 267
267 314 375 11 11 12 11 11 12 12 11 315 2741 2421 119 13 119 36 119 119
13 119 119 119 119 36 13 13 13 85 85 36 36 85 13 85 36 13 267 2424
314 40 2857 2836 2849 2867 1266 1266 1266 1266 10222 315 2421 2741 85 13 85 36 13 85
85 36 36 36 85 267 267 1799 2424 81 3 82 4 19 1213 20 55 104 36 2546
36 147 56 19 20 55 104 36 36 147 56 19 236 25 20 2391 2399 2248 88 26
17 18 34 2768 1430 35 1707 11605 3111 3119 223 2148 3155 3161 3153 3184 5 1552 1431 1400
1707 1430 1398 3253 3251 1552 1400 1431 1430 1398 1707 3275 3285 3260 3284 1552 1431 1400 1707 1398
1430 3291 3304 3306 3316 1596 3401 3370 557 752 1431 558 1430 1707 752 1431 557 558 1430 1707
3586 3599 3600 3604 3655 3650 227 227 3755 3741 12 11 11 11 12 12 11 12 53 1431
1 54 11 11 11 11 11 12 12 11 12 2 53 11 88 5 5 5 5 5
2862 5 5 5 5 54 1 1844 3505 2 15 85 13 85 13 36 4072 85 13 10222
13 85 85 13 36 85 85 13 85 2546 85 13 36 36 85 85 36 13 58 13
58 36 58 13 58 13 58 36 58 13 58 36 58 4072 36 1894 15 1846 15 58
13 58 13 58 58 36 13 58 1154 58 13 36 58 13 58 58 58 13 36 58
13 58 58 36 2546 3102 36 13 58 36 58 58 3017 58 13 36 3017 15 1893 323
91 326 318 88 88 319 3 4 34 1707 35 1430 1431 8 33 34 32 8 69 151
46 84 46 211 1430 1707 35 3927 3862 227 2019 3349 4548 4551 1431 3 179 14 14 115
114 4 118 0 1104 0 2546 126 127 117 121 124 0 213 213 213 36 131 845 0
130 129 122 58 36 133 0 128 123 132 0 134 848 125 3 4 23 14 106 24
112 109 0 2546 36 110 23 24 3 179 105 4 766 107 113 1676 0 0 820 0
0 0 36 0 3 108 25 4 191 194 26 192 1554 1553 896 7 7 7 7 7
7 7 7 7 1506 1250 146 0 1250 1594 749 1250 1453 3246 14 3293 0 749 0 741
36 0 36 1399 144 193 25 1 26 14 68 2 66 0 58 202 36 58 0 58
36 36 0 67 1 70 3 2 15 2023 15 2165 2029 15 573 4 19 2430 250 88
100 116 3092 4371 332 1192 250 2430 250 250 332 332 1499 250 250 250 2430 1192 250 250
250 250 250 332 250 250 1192 250 250 250 250 250 250 250 250 250 1192 250 250 250
250 2430 250 250 332 3043 1696 250 250 8 20 33 19 32 8 332 11 4371 20 104
55 36 147 56 19 20 104 55 0 281 230 56 19 20 1 88 2 53 846 5
54 1 1 2 478 2 7246 479 1 2 25 519 26 25 518 26 17 18 534 531
17 18 25 572 26 1128 571 25 26 340 341 25 280 63 26 560 64 63 559 64
19 20 258 259 19 0 5789 55 20 147 56 19 20 1 69 69 2 34 1430 8
35 5483 4075 7186 223 223 223 2148 223 3511 1146 227 4663 4639 53 1431 3 54 3 4
4953 4 9658 1154 58 0 3 4956 9 34 4 35 1277 0 0 0 0 1278 34 35
32 81 8 322 321 549 570 336 350 352 356 354 355 353 357 349 2454 442 441 362
365 373 370 372 371 374 368 0 465 464 892 1027 240 2677 1719 173 201 2072 377 378
382 380 383 379 10 384 385 0 386 387 388 389 218 393 391 0 398 394 395 390
397 399 0 405 403 402 404 229 0 412 410 517 408 82 245 360 197 400 81 196
406 407 411 333 335 720 82 1000 409 81 334 414 413 197 82 245 81 196 1084 415
392 1110 1111 1126 417 418 425 420 435 434 0 82 3 440 443 444 439 3 4 292
4 291 3 445 446 447 15 358 662 4 292 683 291 3 454 455 456 1420 49 4
1418 1468 1470 1466 1471 1467 10 10 10 1457 1458 1475 1476 1477 1474 1473 1478 1765 1556 1479
1481 1480 1486 1487 1488 50 3 1490 337 338 339 342 343 15 345 344 1045 1145 346 347
348 307 4 684 309 471 3 310 359 361 363 364 366 308 647 273 4 471 699 686
708 274 3 396 401 586 422 423 3 4 428 431 436 437 438 433 10 10 1163 1515
1185 5671 470 469 449 448 450 451 453 452 776 779 790 791 747 458 457 459 427 755
432 4 429 3 461 460 463 15 462 34 4 466 311 0 30 30 2264 0 2264 35
244 169 6 265 170 34 484 483 486 485 169 244 35 6 265 34 170 244 169 35
6 265 170 34 35 169 34 170 35 169 5511 1544 170 34 537 476 477 481 480 514
513 35 3 487 488 492 493 496 495 498 497 499 500 502 501 503 504 506 505 508
507 15 510 512 515 516 520 320 295 563 4 294 3 523 524 526 525 528 529 4
34 530 533 532 536 535 538 542 544 543 0 547 548 551 550 1 35 554 555 600
2 478 0 479 1 2 478 0 1 479 613 596 2 891 478 6 0 963 1 479
629 631 635 636 0 478 2 479 1 478 2 963 1 479 2 25 652 1322 5511 541
540 1 26 579 576 566 2 814 1 565 582 581 585 568 2 474 809 0 853 473
1 588 589 590 591 587 800 430 839 46 84 2 49 10 10 10 10 10 1540 744
50 1 592 593 595 594 1529 1542 1572 1600 1412 2 261 2729 260 282 0 283 285 284
289 0 290 490 216 489 215 261 0 260 282 283 285 284 289 290 490 1607 754 2631
489 1299 216 1412 261 215 2846 282 260 1501 599 598 285 1526 283 284 1 604 605 9
9 9 9 9 1402 2 285 1537 284 289 0 290 1633 490 2584 1326 1326 1422 489 216
1299 215 1423 247 1440 251 246 252 1450 254 1963 275 253 1527 1665 30 30 239 1414 276
238 1559 297 0 6 471 1606 317 298 0 6 1656 316 419 0 30 73 30 30 73
6 1737 421 545 0 471 1598 546 324 216 1299 325 247 1423 215 1848 246 251 1440 252
254 1450 253 1527 275 1665 0 1 276 216 1299 2 1 215 2 25 618 619 621 622
623 624 625 15 26 626 17 18 1 1 2 2 136 6408 137 0 1899 471 6411 136
137 3 114 115 3063 105 23 4 106 45 1 24 183 2 139 48 142 45 0 1255
1425 48 1508 148 184 21 0 22 183 45 48 139 142 45 184 1 2 161 139 48
142 0 6 0 471 0 1282 471 1282 0 754 160 25 0 26 23 9 2079 869 17211
869 15901 69 270 17 24 767 1093 627 628 632 602 18 562 847 901 561 17 18 562
17 561 562 18 17 561 15 640 639 642 641 1203 630 650 651 661 663 668 669 670
667 656 18 672 673 674 671 678 677 17 657 681 15 682 697 696 665 18 698 692
702 701 704 703 706 664 25 694 713 712 691 519 898 26 718 717 871 871 843 721
722 15 726 724 731 15 730 732 728 969 733 695 690 735 734 738 0 25 518 26
519 25 518 17 26 828 832 821 18 534 1029 1328 836 811 13 769 1317 838 835 1899
0 841 17 531 13 7279 18 534 6 1573 1899 531 17 25 18 6 748 746 756 757
759 26 574 758 6 25 575 0 46 761 760 879 572 26 1077 6 6 471 1128 2317
917 916 919 915 922 571 921 25 923 1989 1317 572 26 25 571 26 572 3920 222 9
9 1317 5095 571 25 572 26 1128 571 25 26 572 471 13 1128 813 813 7904 571 25
26 1077 572 1128 597 571 25 26 1077 572 6 1128 571 25 26 572 0 3083 571 25
26 572 6 471 1128 0 571 25 572 26 471 0 25 571 26 572 571 25 26 572
1555 1235 689 571 25 781 780 783 26 782 617 0 25 616 0 789 788 792 793 794
795 796 775 1204 786 26 787 25 801 799 26 23 9 1 24 807 804 806 850 329
53 2 1113 1114 1144 1143 240 909 908 910 54 1 1046 1048 1054 1063 634 633 2 164
0 771 774 772 0 0 0 8177 163 49 50 8 33 49 32 8 168 33 50 32
49 8 318 50 1001 882 881 6 767 925 924 1203 1093 998 933 934 839 949 950 199
960 961 199 1315 984 983 99 3 319 136 4 137 189 1498 136 190 137 49 50 1
9 2 1598 324 0 679 325 2008 0 0 751 2156 680 0 750 805 2372 13 6 0
894 2532 808 0 13 895 1 2 49 2802 10 10 10 10 1730 1626 50 3 37 38
37 37 38 38 37 37 38 38 4 1 1414 2 239 0 1559 238 297 0 317 1606
298 0 316 1656 419 84 1992 0 5318 5323 11584 421 545 1737 1235 1282 1989 0 546 324
1598 325 1 3 2 12743 7433 4 7126 7126 0 0 0 0 7126 3 7442 12842 6530 2802
1743 1779 1 4 9 3326 3334 3327 2 2104 2500 3486 3481 3537 3543 3541 3536 2102 3517 3107
3539 3542 3544 3545 3528 3547 3561 3556 3560 3552 3559 3548 3550 3557 3554 3575 3571 3580 3496 3602
3413 3638 3551 3583 2104 3112 3641 2500 3659 1 2102 3676 3679 3570 2 3683 4214 3690 3689 3692
3569 3662 4298 3713 3697 3711 3712 1 3663 3715 3533 3764 3761 3771 3788 3791 3794 3787 3797 3809
3201 3846 6403 2 3 4 3 6648 6666 6658 6654 6663 6657 6669 5914 8798 2978 15 3018 6972
6968 6967 6982 4 4539 4112 6995 6988 7005 6996 7045 7024 5451 5057 4111 15 4112 4539 5055 7072
7097 7075 7078 7091 7079 7084 7095 7090 7101 7076 7092 4111 5057 5451 5055 4112 4539 7086 4111 3
4 1 7596 7584 9 324 2 1598 0 2008 325 679 0 2156 751 680 2372 750 805 6013
2172 894 2532 808 1956 13 895 1 2 239 1414 1704 3562 238 1559 297 317 298 1606 1533
419 1656 316 1737 421 545 2536 3475 3475 2536 2536 4615 4615 4615 1282 324 546 1598 679 2008
325 751 2156 680 2372 805 750 2532 808 894 895 1 9 25 2 824 825 827 826 830
765 784 1199 26 6 6 6 16 13 6 16 866 25 785 870 868 5 873 872 874
875 878 877 880 818 885 883 889 888 280 893 890 26 63 904 906 911 912 914 913
0 91 11584 5323 5318 930 929 64 3 9 12743 7433 4 3 7442 6530 12842 9 63 4
0 198 3050 0 936 935 938 942 941 943 944 946 945 947 948 952 951 957 956 959
958 13 6 6 6 967 966 971 972 973 974 977 976 64 164 897 2898 1282 163 63
979 980 985 986 988 987 25 64 1328 995 996 280 997 994 6 1 26 6 740 44
860 863 862 861 2 63 1004 1002 17 64 81 18 3 82 34 4 2025 35 17 63
18 1013 1014 1018 1021 1023 1024 1026 1025 19 64 1031 1032 1034 1035 1036 467 1038 20 1039
1037 1042 1043 1044 1041 19 468 63 20 64 25 954 1112 340 26 6 1152 0 13 16
341 25 1011 1009 340 26 6 25 341 340 26 6 13 6 6 25 341 26 340 16
1318 25 341 1015 1016 1017 63 26 1062 64 1183 560 1069 1068 1072 1070 1071 1065 1067 1028
6 6 6849 6 6 931 0 1040 2765 813 2622 753 7249 859 1079 1081 1082 1083 1080 1085
559 63 1087 560 64 6 1318 16 16 16 16 16 16 3237 63 559 64 19 20 63
0 816 813 237 6 1235 6 803 822 25 64 26 1112 340 1152 1235 1317 25 341 26
1112 340 6 0 341 25 26 1 9 2870 1169 2 0 1167 3549 1327 0 8801 1409 1329
3806 0 0 4158 1408 1448 0 10330 6 6 1449 1513 4375 3025 0 1 1514 13 2 3259
1356 13 6 0 2870 1355 1169 0 4035 1167 3549 1327 0 6 3806 1409 1329 0 1408 1448
4158 0 6 6 1449 4375 1513 0 1514 1 2870 1169 2 0 4102 1121 0 3549 1327 1167
0 0 3806 1409 1329 0 1408 1448 4158 0 4375 1513 1449 0 813 813 1514 1 2 1169
2870 0 3549 1327 1167 0 1329 3806 1409 0 1408 1448 4158 0 9743 1449 1513 4375 0 1
1514 2870 1169 2 6 13 0 4035 1167 1327 3549 0 5244 0 6 1235 1329 3806 1409 0
1408 1448 4158 1513 1449 4375 1 1514 9 6 2 19 1050 1051 1106 1064 1074 1073 1577 0
1091 1092 1094 1095 1096 1089 20 658 597 0 17617 13 0 660 19 1176 1130 20 1129 77
1132 1133 1142 1137 78 17 18 19 1086 20 258 1033 6 6 6 0 1328 230 237 259
19 1150 1151 1155 100 116 0 16636 4761 4768 1 20 4768 4761 4761 4768 4768 4761 4768 4761
4768 4768 4768 4761 4761 4761 4768 4768 4761 4761 2 224 4800 4800 4800 4800 4800 6285 0 4800
4800 4800 5 5235 5904 4800 4800 0 225 1 9 2 1169 2870 0 1327 1167 3549 6 3806
1409 1329 2782 1448 4158 1408 1449 4375 1513 1514 1 1356 3259 2 1355 1 3 2 33 4
8 3 32 8 3 4 1610 4 8 33 3 32 15 8 15 3319 15 15 3011 3010
1 4 305 509 521 2 1429 71 71 71 71 71 71 71 0 71 71 0 6 9445
2053 6 965 13 1318 1464 4488 16 2947 5825 8974 1690 1695 1 511 2 3 815 4 118
1318 6 0 6 6 16 127 126 121 117 833 124 1318 1318 16 16 16 131 6 16
130 122 129 858 16 16 16 16 95 16 133 123 132 829 128 134 125 3 23 4
16 24 797 109 112 23 110 928 932 24 3 4 113 766 107 7 7 7 798 7
2932 7 7 3428 0 1317 7 7 1328 0 7 7 7 17617 13 1318 108 3 4 63
191 194 1003 64 192 1226 1022 1066 2947 7 3678 146 69 222 9 13 16 6 6 6
6 6 6 6 6 1318 8361 16 13 6 8361 13 16 16 16 6 16 13 16 16
13 193 16 63 144 64 1 9 2 3 978 981 3 4 3656 6 77 4 1157 1097
78 1503 1102 6 13 16 16 13 1164 1103 77 1165 78 19 1166 1172 1173 1175 1171 0
3 20 1879 1876 1870 1865 1936 1919 4 564 2947 0 0 569 33 0 8 32 564 15
15 8 0 1295 1543 569 2070 1545 1294 564 1543 1295 2070 569 1545 564 1294 2070 569 1295
1543 1545 564 1294 569 28 29 164 63 163 64 1 14 14 14 206 2 208 1304 0
1318 0 140 14 13 16 1 207 580 729 1136 778 2 1756 1161 1162 1882 236 903 416
69 40 1 777 849 864 172 1105 74 615 614 614 614 615 615 615 614 614 614 615
615 25 2 607 607 607 607 607 607 19 26 45 20 17 28 18 149 48 148 21
29 14 14 156 28 22 45 139 48 142 45 29 148 21 48 149 14 2671 14 156
22 28 45 1534 48 139 142 1318 1318 16 16 138 16 96 556 29 21 14 3127 14
22 28 1318 16 16 16 16 16 16 29 21 14 14 22 28 21 29 14 14 22
28 29 21 14 14 22 28 16 96 1318 16 16 96 95 21 29 14 14 22 28
164 29 163 21 14 14 22 164 163 21 14 14 22 164 163 21 14 14 22 164
163 28 29 51 3 52 15 8 114 115 105 23 4 106 24 1 76 2 42 1232
1231 688 687 5 49 43 5 5 5 5 5 5 5 5 2768 27 27 27 27 27
27 172 172 172 1393 1521 2409 50 17 18 19 20 104 1201 55 1202 56 19 1 20
76 42 2 266 2108 49 43 318 50 173 2175 319 2754 4564 2176 49 1 50 76 2
42 2247 278 2929 266 91 2942 2943 278 266 2929 91 2942 2943 278 266 6682 2669 6677 278
2929 266 2942 278 2943 2929 266 2942 2943 278 266 2119 43 49 50 318 319 2188 2736 49
2191 50 1 2 76 42 2257 278 2995 266 3002 3005 278 6682 266 2669 278 6677 266 2061
43 49 1328 50 764 2128 763 2784 1328 1328 4564 49 2127 50 1 1328 2 76 42 2153
278 43 1 68 257 2 66 1982 186 0 67 1 3086 19 2 1098 20 25 1112 26
340 1152 1235 3816 25 341 26 340 1318 3415 7857 341 25 26 19 332 20 258 0 259
19 20 258 0 855 230 19 259 20 258 1318 138 16 138 16 0 16 237 186 259
19 55 20 16 16 16 96 16 138 16 1318 16 16 95 1499 855 6156 56 19 0
1213 20 55 56 19 20 55 104 95 0 813 236 236 237 186 1010 56 19 20 104
55 95 237 19 56 20 55 95 19 56 55 20 95 3301 56 19 20 55 231 180
1947 0 56 19 20 55 56 19 55 20 95 231 95 95 147 19 56 20 55 95
0 2813 2816 2814 230 236 91 46 46 211 573 802 69 84 141 56 143 8 33 1328
1328 1328 32 141 15 8 151 143 17 19 18 1211 15 1212 1216 1217 1221 1222 1223 1210
1484 1196 20 1195 19 1238 1239 1245 1246 1251 1254 1249 1252 1253 20 3 1 4 1271 1270
1268 1265 1267 1272 1287 1289 1290 1291 1296 1258 27 2 1288 1591 1286 1 1310 1305 1332 1325
1363 1723 2 1361 1 1368 1351 2 1712 1357 1358 1 1373 1371 1374 1377 2 3 1376 1375
1381 1382 1380 1379 1389 1392 1391 1390 23 4 1395 1396 1401 1403 1406 1404 1405 1397 567 44
2845 34 24 2688 2895 2906 35 8 752 557 6823 3010 3011 558 34 3292 3307 88 3425 3424
3473 3478 3 35 14 4 5046 0 0 0 0 0 5049 3 34 4 35 3526 1277 0
0 0 0 0 34 1278 35 23 14 34 24 3729 3728 3 35 4 34 35 557 213
227 227 558 1400 1398 557 558 53 1 54 729 2 778 1 777 849 903 864 1330 1330
200 200 1330 27 213 62 62 62 40 40 1564 743 745 34 2 557 35 227 227 4075
223 223 7186 558 53 23 54 24 3 9 4 118 0 231 127 126 0 121 117 124
0 2787 131 138 95 138 0 122 130 129 116 100 0 231 133 123 132 128 0 0
134 3 125 4 23 9 109 112 24 0 1300 0 13 0 95 138 4565 231 1762 138
95 0 110 23 3 24 107 113 4 0 0 7 7 0 798 186 7 7 7 7
7 7 685 1019 1020 99 7 899 0 7 7 186 0 236 837 539 146 0 236 0
0 876 108 3 4 1 68 257 2 66 0 95 144 95 0 95 95 0 95 539
236 7 7 7 7 7 7 67 1 70 3 2 1147 1148 115 114 34 4 1419 927
1435 927 1456 557 35 752 2148 223 3150 223 558 34 2946 2969 752 35 557 2991 2988 3013
3009 227 3022 3031 227 2996 3059 558 4632 138 95 31 3114 3060 34 557 752 35 3119 3111
7139 223 223 2148 2148 223 3155 3161 3184 3153 1400 558 5 557 1398 3253 3251 1400 558 557
1398 3275 3285 3284 3260 558 1400 1398 557 3291 3304 3306 3316 1596 3370 3401 1595 558 557 1597
1334 558 1335 34 557 35 3586 3599 3600 3604 558 1400 1398 557 3897 2019 558 1400 5 1398
557 3655 3650 227 227 3755 3741 4175 558 53 54 17 552 18 1 553 2 34 35 3
2641 4 34 35 557 4241 4547 1146 1146 4954 4686 4852 5194 558 376 138 6532 231 138 75
75 75 138 75 267 375 323 326 3 4 34 557 35 3927 3862 1146 1146 223 3511 223
3150 4673 227 227 53 558 3 54 3039 4 552 3849 3829 3872 3643 553 49 50 3892 3975
3957 3900 4030 3874 4033 3968 3875 4027 1497 3977 3414 3268 1495 1497 3264 3423 1495 3416 1497 3309
1495 3308 1497 4031 1495 3959 4043 4052 4049 4051 3988 3972 4044 4042 4046 3967 4020 4050 4060 552
4032 17 553 18 136 886 3050 16341 16732 16732 1555 1573 803 2808 3050 230 3261 5139 6395 51
137 52 49 17 50 19 18 1599 6045 20 55 75 75 22678 19 56 55 20 7431 75
231 0 1583 56 19 168 20 55 75 75 56 19 20 104 55 180 281 0 237 56
19 1510 20 55 104 36 1629 0 56 19 20 55 56 19 25 20 280 180 87 183
26 231 2245 191 87 0 907 184 1 905 14 206 208 2 2402 0 0 0 140 140
14 207 1 580 5 5 6665 34 2 35 557 227 227 3942 223 3833 223 558 49 1324
15 2566 10573 1178 1177 1178 1177 1177 1178 1177 1178 1177 1177 1178 1177 1178 1177 1178 1178 1178
1177 50 17 63 18 1153 1177 1178 1153 1153 4651 1153 138 1153 1153 1153 1153 1153 1153 64
49 50 3932 3947 3708 3930 3970 3986 3987 3995 3952 3979 3709 3992 3990 3953 3984 4011 4018 4015
3996 4014 3998 4016 4017 4012 4026 4013 3997 3994 4059 4055 3983 552 23 553 3258 3312 3311 34
24 1679 9412 203 91 5 5 35 557 6736 227 227 1400 558 7006 12942 557 1398 27 6736
6736 3942 223 223 3833 27 567 200 27 213 172 27 213 62 62 1383 1383 1383 1383 1383
1383 1383 1383 1383 1383 1383 1383 1383 1383 1383 1383 1383 1383 1383 1383 1383 1383 1383 1383 1383
1383 1383 1383 1383 1383 1383 1383 1383 1383 1383 10 1383 1383 1383 1383 9424 10 9424 9424 9289
9289 10 9289 9201 9201 10 9201 11419 11419 10 11419 9885 9885 9885 10 9387 9387 9387 10 9282
9282 10 9282 9844 13927 11 1057 1058 99 80 80 61 61 53 558 1177 1178 54 17 18
63 1153 17 64 18 3563 9567 3568 17 1601 18 9567 1602 17 161 18 15324 12247 8 160
33 32 161 15 8 25 160 26 17 18 34 35 557 752 227 227 223 4576 223 3463
558 34 91 1328 1328 1 35 68 66 257 2 0 0 527 0 1432 231 0 67 1
70 68 2 257 66 351 90 0 90 494 0 1117 3050 202 86 90 4128 90 0 6388
351 2973 1174 2463 0 1499 67 1 70 2 3830 4986 3883 3866 3879 3870 3918 3923 5120 3912
3825 3928 3922 3919 3903 5118 3916 3904 5094 3888 3931 3921 3924 3925 3935 3893 3929 5114 3915 3887
3926 3933 3913 5050 3780 3950 3944 12455 3783 552 49 553 2883 50 3 4 34 557 752 35
227 227 223 223 8035 3757 53 558 54 3 4 2983 4457 3000 15 3 15 2980 2883 2092
2091 3656 2983 4 4457 3000 15 15 3 2980 5075 2947 9 4 815 118 0 86 90 231
127 126 0 124 121 833 117 584 9 222 0 231 131 845 122 129 858 130 0 231
133 123 829 132 128 0 134 0 3 125 4 23 9 106 24 797 109 112 0 0
86 13 0 110 23 24 3 220 105 4 766 107 113 237 180 2214 3871 4893 0 7
7 7 7 5961 527 7 0 7 7 351 4893 539 7 7 7 7 0 7 7 7
7 527 180 7 7 7 7 0 180 7 7 7 7 7 7 798 0 8725 7 86
13 186 186 494 7 7 7 0 876 3 108 7 1 4 68 2 257 66 0 3553
146 0 1 67 144 70 3665 5553 3677 2 6532 90 6532 90 1 3672 3714 6494 6494 6494
8593 8593 88 88 88 2 34 557 752 35 8 227 227 3833 223 3942 223 558 34 45
17 35 18 28 48 139 142 855 45 12736 869 16193 48 381 578 4294 1534 45 21 29
149 148 48 14 2615 0 2543 14 156 28 22 45 149 148 29 21 48 14 0 0
14 156 186 22 28 21 29 14 0 2562 14 22 28 168 29 21 14 0 6532 14
0 28 22 21 29 14 0 14 0 28 22 29 21 148 14 2671 87 14 22 28
148 29 21 14 14 22 28 90 281 186 180 869 13461 3163 29 21 148 14 90 14
22 28 198 29 148 21 14 5092 3540 14 22 28 29 51 52 1 2 19 55 20
186 1609 666 4390 56 19 20 55 90 56 19 104 20 55 90 90 180 236 56 19
104 55 20 90 90 2361 4356 768 56 19 20 55 90 180 351 237 1582 19 56 20
55 90 90 147 236 56 19 20 55 90 90 0 19 56 20 1 305 1429 521 509
2 87 1676 71 90 71 71 71 0 71 71 71 90 71 71 1445 71 71 71 1454
71 71 71 90 71 71 71 71 71 71 1445 71 71 90 204 204 204 204 204 204
644 644 645 644 645 645 204 965 965 1235 186 8974 511 1 68 66 257 2 0 87
0 4896 87 90 0 186 40 40 67 1 70 40 40 40 962 990 991 213 2 141
88 88 143 725 65 727 3 4 1 33 2 8 1328 32 1 15 8 8 8 8
8 8 8 8 33 8 2 1 32 15 8 76 2 42 43 1 206 34 2 35
557 8 752 1596 227 227 3833 223 4576 223 3942 223 8035 223 5550 84 46 1030 1030 1030
1030 1030 854 15 46 151 211 823 573 558 53 54 1 2 3 2549 2567 105 114 115
4 23 106 14 1304 24 208 14 14 0 0 0 87 86 90 140 14 23 207 116
100 86 87 45 580 729 778 24 1136 23 777 849 864 200 1330 567 903 1330 172 2928
24 28 45 139 48 142 45 381 48 3958 578 45 149 48 21 29 148 14 0 156
14 0 28 22 29 21 14 0 14 22 28 29 564 28 569 86 87 2361 21 29
14 0 14 22 28 29 21 14 0 14 22 28 2361 90 90 236 0 29 21 14
2662 14 0 28 22 0 90 90 2994 90 556 29 49 17 50 18 23 9 9 9
9 63 24 194 1226 192 64 186 869 13160 869 869 869 11681 17406 14758 90 0 90 3853
90 46 84 1208 5715 3853 0 90 749 230 0 1594 1451 3389 3386 3384 527 69 90 86
749 90 0 180 87 90 4896 0 0 193 63 69 46 211 573 1549 199 151 191 64
23 9 9 100 116 3207 4875 9844 13927 24 161 11 9567 160 25 17 26 18 552 9567
553 17 51 18 12247 649 648 649 648 52 17 18 63 637 15324 637 27 188 213 27
172 62 213 27 213 27 203 1393 2409 1521 33 64 8 1328 63 32 15 8 8 8
8 8 64 8 33 8 63 32 8 8 5 8 5 5 8 5 8 5 8 8
5 5 8 8 5 8 8 8 8 64 8 33 8 32 63 8 63 64 8 8
8 8 64 8 33 8 63 32 8 8 8 8 8 64 63 8 64 33 8 63
32 8 8 8 8 8 8 33 8 64 63 32 8 8 8 8 8 33 64 8
32 63 8 33 8 8 64 32 63 8 8 8 8 8 64 33 63 32 15 8
213 213 213 213 213 213 213 213 213 213 34 179 64 557 752 35 1596 1383 1383 1383
1383 1383 1383 1383 1383 1383 1383 1383 1383 1383 1383 1383 1383 1383 1383 1383 1383 1383 1383 1383
1383 1383 1383 1383 1383 1383 1383 1383 1383 1383 1383 1383 1383 1383 10 1383 1383 1383 1383 1383
1383 1383 1383 1383 1383 1383 1383 1383 1383 1383 1383 1383 1383 1383 1383 1383 1383 1383 1383 1383
1383 1383 1383 1383 1383 1383 1383 1383 1383 1383 1383 1383 1383 1383 1383 1383 1383 1383 1383 1383
1383 1383 1383 1383 1383 1383 1383 1383 1383 1383 1383 1383 1383 1383 1383 1383 1383 1383 10 9844
15739 53 558 54 17 164 18 9567 163 49 9567 50 51 12247 11 52 179 34 752 557
35 34 558 1138 1135 1700 2791 35 15 34 1139 2792 1134 2855 2856 4519 27 27 27 27
27 62 62 172 203 200 213 2996 416 4632 3059 35 90 6532 90 34 3114 3060 557 35
752 227 227 223 7612 3833 223 558 34 2025 2025 2025 2025 2025 2025 3667 3667 1761 852 851
939 940 1120 1119 99 188 74 74 74 74 15923 1158 1159 99 35 49 87 1206 1205 99
99 1260 1259 99 99 1806 1813 40 40 53 50 6532 1135 54 1700 1138 1302 15 1139 1303
1134 53 2855 2856 54 3 1138 4 1135 1700 1302 1303 3 1139 1134 9 815 4 118 0
1104 87 0 87 3357 90 86 126 127 831 90 117 124 833 121 0 90 0 90 90
845 131 0 858 122 129 130 90 90 0 90 133 829 132 128 123 0 90 0 134
281 2973 281 125 3 115 114 4 23 9 45 24 28 48 381 87 578 4320 180 180
45 0 29 48 21 148 149 14 0 3882 3837 14 3332 156 22 28 45 48 139 142
45 1235 48 139 869 0 17259 142 7856 1534 29 21 14 87 87 0 90 4819 14 22
28 21 29 14 14 28 22 29 51 234 52 3665 3677 235 3672 3714 234 2185 2185 2185
2185 6123 3802 235 51 52 17 18 28 2361 2361 90 90 8593 8593 6494 6494 11763 869 14917
2438 21 29 14 14 22 28 21 29 14 14 28 22 29 179 34 35 1 206 1304
208 2 14 140 14 207 1 580 2 23 24 797 109 112 3853 87 23 110 106 220
24 3 113 766 4 107 494 16254 16254 16254 15370 7 7 7 7 7 539 2241 9 9
222 527 7 7 7 7 7 7 7 3142 7 7 7 7 7 819 7 281 7 7
7 186 186 7 7 7 7 7 3142 1432 494 7 7 7 7 7 7 4433 7 7
7 7 7 7 7 7 7 7 7 7 7 90 2361 90 87 90 4471 87 1052 90
86 87 90 1100 3192 108 9 3072 237 896 896 1121 1121 494 3882 2138 91 91 91 1576
1576 1589 3 1101 105 9 4 63 64 194 192 1226 186 69 6938 749 69 69 2463 6111
90 2725 180 69 1535 69 69 186 1453 1453 69 1535 4471 87 90 87 90 90 2361 90
86 741 90 69 87 90 69 87 90 63 193 64 34 179 35 752 8 557 227 227
223 3942 3757 223 558 34 23 35 9 24 19 20 55 104 351 180 4813 0 56 19
20 55 104 2361 90 87 2361 90 56 19 55 20 90 2361 90 87 1982 56 19 20
55 90 90 87 90 90 2361 90 19 56 55 20 90 56 19 55 20 147 351 0
56 19 20 55 90 0 56 19 55 20 87 90 90 87 87 87 87 147 19 56
20 34 179 35 557 227 227 223 8070 3833 223 558 34 539 5 49 35 5 5 5
5 5 5 5 5 5 100 116 69 573 46 46 84 211 270 8 33 50 49 32
15 8 8 8 8 8 50 8 33 8 32 49 8 8 33 50 8 49 32 8
8 33 50 8 49 32 8 8 8 8 8 33 50 8 8 49 32 8 8 8
8 8 49 50 8 50 33 8 8 8 33 49 32 8 8 8 8 8 50 8
49 33 32 8 8 8 33 50 49 32 8 8 8 8 8 49 50 8 8 50
33 32 49 15 8 50 17 18 34 35 752 557 1596 227 227 223 8035 223 8070 558
34 35 49 40 40 40 40 4177 3 50 4 1 206 208 2 1304 14 0 0 90
86 6651 140 14 207 1 580 1328 1328 2 34 35 557 752 34 558 45 35 17 18
28 139 48 142 45 48 139 142 45 0 381 48 3853 4252 578 1317 1619 45 139 48
142 0 90 90 87 2463 4099 29 49 764 50 218 218 218 218 218 218 2070 763 1543
1295 1545 764 1294 218 218 2996 218 3059 763 4632 31 6532 3060 3114 764 218 218 218 218
218 218 218 218 218 218 218 218 218 218 218 218 218 218 218 218 218 218 218 218
218 218 218 218 218 218 218 218 218 218 218 218 218 218 218 218 218 218 218 218
218 218 218 218 218 218 218 218 218 218 218 218 218 218 218 218 218 218 218 218
218 218 218 218 218 218 2070 763 1295 1543 1545 1294 764 869 16414 236 218 218 218 218
1295 2070 763 1543 1545 764 1294 218 218 218 218 218 218 218 218 218 3 763 552 4
15 6493 220 3 553 9 118 4 815 0 6938 87 31 127 126 117 833 124 121 0
0 86 31 131 858 129 130 122 1676 0 133 132 123 128 829 0 134 0 3 125
4 23 9 112 109 24 797 0 0 86 2361 110 23 24 3 220 4 107 766 113
236 27 27 27 27 27 27 172 172 87 0 180 7 7 7 7 7 7 7 0
7 0 1769 7 7 7 7 2438 2627 1873 0 281 494 0 180 0 108 3 19 4
31 0 146 281 87 1235 7 7 7 7 7 7 144 332 186 1121 0 1676 144 3665
5553 20 3677 31 3714 3672 19 20 17 28 18 31 0 2772 0 869 15935 281 186 21
29 14 0 14 0 22 28 527 29 21 14 14 0 22 28 0 31 87 0 51
29 52 3 8593 3871 3871 1386 1387 1388 1558 1567 1570 1574 1575 1581 1586 1585 2511 4 1
2 76 42 7876 7328 43 7345 1 2458 1912 2 2516 2518 2520 2521 2535 2537 4081 4095 15
1292 1330 200 4647 4652 4647 4652 49 1913 40 40 40 40 1853 50 23 3 24 5357 5364
3376 3376 3376 4479 4479 4479 14 14 14 9 4471 4 63 191 192 194 1226 64 0 0
63 193 64 1 9 68 257 66 2 87 86 281 202 351 0 31 202 202 236 31
202 527 0 31 87 87 31 262 0 2725 230 1 67 70 220 3 2 105 115 114
4 23 106 24 19 20 104 55 2361 31 2932 14563 236 56 19 20 55 104 31 56
19 55 20 2361 31 6156 56 19 20 55 1961 1958 186 31 1384 19 56 20 55 4845
4846 4845 4846 4845 4846 31 1174 281 237 0 10864 10431 56 19 20 55 31 31 0 56
19 20 55 87 31 87 31 855 1174 0 351 539 1840 180 141 56 91 143 1 305
91 91 68 2 257 66 0 351 0 236 87 262 0 539 67 1 70 179 34 2
35 244 169 265 170 34 35 244 169 265 34 170 33 35 8 34 32 15 8 8
8 8 8 33 35 8 8 34 32 8 8 8 8 8 33 8 35 8 34 32
32 323 8 322 321 549 570 336 326 764 350 352 356 354 355 353 357 349 0 1001
362 365 373 370 372 371 374 368 0 377 378 382 380 383 379 10 384 385 0 386
387 388 389 393 391 398 394 0 395 390 397 399 405 403 402 404 0 412 410 517
408 763 197 360 400 196 764 406 407 411 333 335 763 409 764 334 441 442 201 464
465 470 469 240 135 881 882 925 924 962 990 991 998 414 763 197 413 196 764 415
392 418 417 65 425 420 435 434 3 763 440 443 444 439 445 446 447 15 358 0
4 292 291 3 454 455 456 1807 4 141 1809 2232 2225 2230 2231 2233 10 10 10 10
10 10 10 10 10 10 2160 3902 2447 2164 477 476 934 933 2229 2227 2235 2237 2240 2234
2239 2238 2236 2249 2255 2254 3 143 2259 337 338 339 342 343 345 15 344 346 347 307
348 309 4 3 310 359 361 363 364 366 308 3 4 273 4 0 3 274 396 401
422 423 428 431 0 436 437 438 433 10 10 449 448 1090 1692 1049 451 450 453 452
458 457 459 4 432 427 429 3 461 460 537 15 463 462 4 34 311 466 35 169
170 34 484 483 486 485 3 35 487 488 492 493 496 495 498 497 499 500 502 501
503 504 506 505 507 508 510 512 515 516 320 15 520 4 295 563 294 3 523 524
526 525 528 529 4 34 530 533 532 536 535 538 542 544 543 547 548 550 551 35
1 554 555 600 613 596 478 2 2476 2578 587 4353 430 46 0 1 479 629 631 635
636 2 25 652 480 481 514 513 540 541 950 949 960 961 199 199 2072 983 984 99
1763 100 910 909 908 1 26 1046 1048 1054 1063 579 576 2 566 565 1 582 581 568
585 2 474 0 473 1 588 589 590 591 593 592 595 594 261 2 222 9 260 282
283 285 284 289 490 290 216 489 261 215 0 282 260 285 283 284 289 290 490 489
216 261 215 282 260 3295 285 283 289 284 290 490 489 216 261 215 8106 260 282 285
283 284 289 490 290 216 489 261 215 260 282 283 285 289 284 490 290 489 216 261
215 282 260 283 285 289 284 290 490 216 489 261 215 260 282 283 285 289 284 490
290 489 216 215 1 3 2 3776 4 0 1117 953 892 839 767 3 3779 4 1 604
605 2 25 618 619 621 622 623 624 15 625 17 26 626 627 18 562 17 561 628
632 602 562 18 17 561 640 15 639 642 641 630 650 651 661 663 668 669 670 656
667 18 673 672 674 671 678 17 657 677 681 15 682 9 18 3 4 3776 4773 0
0 0 3779 3 114 115 118 4 716 739 126 127 121 124 117 131 122 130 129 133
123 132 128 1519 1200 598 599 634 633 1020 1019 99 1058 1057 899 61 80 61 80 99
1189 2703 2884 2704 134 3 125 9 23 4 106 112 109 24 705 719 0 1149 597 817
110 23 24 3 105 113 707 4 107 742 46 84 1156 1331 0 108 1100 3072 1101 3
4 17 697 696 665 18 698 692 702 701 704 703 706 694 664 25 90 3094 0 0
713 712 748 746 574 26 575 25 756 757 759 26 758 574 5239 146 144 25 575 761
760 26 17 34 18 300 35 268 301 3 269 4 161 160 21 9 9 161 22 21
160 9 9 22 161 160 21 9 9 22 161 160 21 9 9 161 22 160 21 9
9 161 22 21 160 9 9 22 161 160 21 9 22 161 45 139 48 142 45 21
148 149 48 160 156 22 161 45 139 48 142 45 381 48 578 4132 160 25 26 161
25 160 26 519 8 15 518 25 691 519 26 718 717 871 843 721 722 15 726 724
15 731 730 732 728 969 733 695 690 0 735 734 738 518 25 26 17 534 18 17
531 828 832 821 18 534 836 13 811 769 0 13 838 835 531 841 17 18 49 50
17 18 25 879 26 572 6 0 917 916 919 915 922 921 571 25 923 26 617 25
616 617 26 25 616 781 780 783 617 26 782 25 616 754 2079 789 788 792 793 794
795 796 775 786 26 787 25 801 799 824 825 827 826 830 765 784 26 13 666 689
13 3462 13 31 13 31 31 13 1658 13 31 13 31 5239 31 5239 31 2645 13 31
13 5239 31 13 31 13 31 13 5239 5239 13 31 866 25 785 870 868 5 873 872
874 875 878 877 880 818 883 885 889 888 893 890 954 26 340 341 25 1011 1009 0
1015 1016 1017 26 1 2 42 1231 1232 1 43 897 27 27 27 27 27 27 200 61
61 61 61 61 203 80 80 80 80 80 200 61 61 61 61 61 203 80 80 80
80 80 62 688 687 745 743 1120 1119 1159 1158 116 99 99 34 2 35 300 1524 301
1525 300 1524 301 1999 1525 300 268 301 2032 3 269 23 4 1 24 206 729 2 778
903 62 1 777 849 864 62 2 208 1118 13 1118 1118 1 207 580 13 68 2 66
67 1 70 68 2 66 1 67 70 68 2 66 13 1507 13 5239 67 1 70 68
2 66 6 67 1 70 68 2 66 1 67 70 188 1696 40 40 40 416 2573 1881
1589 1906 1790 2854 188 601 1315 1557 851 852 1750 1576 2138 1205 1206 99 99 3068 2138 1576
9 9 1169 2 6 0 1327 1167 0 1409 1329 0 0 1408 1448 0 1449 1513 12898 13
13 3025 13 3025 13 1514 1356 1169 1355 1167 1327 1409 1329 1408 1448 1449 1513 9900 13 1356
1514 1355 1 28 2 29 164 163 63 64 1 2 564 569 28 164 29 163 63 19
64 20 2183 2181 2474 2475 2408 2474 2414 2475 2183 19 2181 63 20 64 19 20 1 2
1169 1167 1327 1329 1409 1408 1448 1513 1449 270 69 1190 1161 46 84 1162 1356 1514 1169 1355
1167 1327 1409 1329 100 116 1408 1448 768 1513 1449 1514 1356 1 1355 2 25 26 340 341
25 26 340 341 25 340 26 341 25 26 340 13 25 341 340 26 27 188 25 341
26 340 341 25 340 26 341 25 340 26 25 341 26 340 341 25 340 26 341 25
26 340 25 341 26 340 25 341 26 1112 340 0 1235 341 25 26 1112 340 13 25
341 26 340 1112 31 1523 341 25 63 26 904 906 912 911 1062 914 913 0 930 929
0 0 0 27 203 62 80 80 80 80 80 0 936 935 938 942 941 944 943 946
945 947 948 952 951 3 64 10 4 63 957 956 959 958 1916 0 900 0 967 966
971 972 974 973 977 64 164 976 63 163 0 979 980 985 986 988 987 25 64 995
996 997 994 26 63 1004 1002 17 64 18 81 3 82 34 4 17 35 18 63 1782
1013 1014 1018 1021 0 1023 1024 1026 1025 19 64 1031 1032 1034 1035 1036 20 1038 467 1039
1037 1042 1043 1044 468 19 1041 0 63 20 64 560 1069 1068 1070 1072 1071 1065 1067 559
63 64 1 729 2 778 903 846 188 27 203 80 80 80 80 80 1 777 849 864
206 2 208 9 0 0 0 140 140 9 207 1 580 13 226 195 4755 27 1733 6946
1105 4512 1170 195 1733 846 226 6303 3799 40 40 40 305 509 521 2 0 0 0 5239
27 178 0 511 1 2 42 43 1 2 42 43 1 15 2 3 4 19 63 20
560 64 0 559 63 3 64 9 114 115 4 118 0 0 0 15 8 126 127 117
121 124 0 0 5239 0 5239 131 122 130 129 31 0 5239 5239 133 0 123 132 128
0 0 31 5239 134 125 3 9 4 23 106 109 112 24 0 0 0 0 5239 5239
31 0 13 1108 110 0 1608 0 0 0 1107 23 24 3 105 107 113 4 0 0
0 0 0 0 5239 1052 13 0 144 146 939 940 1852 1569 1259 1260 6379 27 99 99
178 3218 108 3 4 28 29 164 63 163 560 64 0 1028 1081 1079 1082 1083 1080 1085
0 559 63 1087 17 64 28 18 21 29 9 9 22 28 29 21 9 13 9 22
28 21 29 9 9 28 22 29 21 9 28 22 29 21 28 22 5239 29 21 9
222 13 9 22 28 21 29 9 9 22 28 45 48 482 13 610 556 45 48 139
142 45 149 48 148 21 29 9 31 5241 13 31 3462 3462 9 156 22 28 45 21
149 48 148 29 9 31 13 13 13 13 9 156 22 28 49 29 50 1 2 63
64 191 194 1003 192 1022 2134 9137 2899 3733 3733 886 7651 859 1840 2053 2053 13 1399 6
1417 193 2367 63 2366 2920 64 1 2 552 553 1 567 2962 1416 567 40 40 40 552
2 553 17 18 1 19 2 1050 1051 822 1086 20 258 0 19 259 1150 1151 0 1155
20 258 19 259 20 258 19 259 20 258 259 19 258 20 259 19 20 258 259 19
20 258 1582 1106 259 19 8 33 20 19 32 8 20 1 2 1 2 19 658 20
6 6 19 660 1 20 2 1 68 2 66 6 67 1 70 68 2 66 6 6
67 1 70 68 66 2 67 1 70 68 66 2 1 67 70 68 66 2 67 1
70 9 9 2 1356 11018 6 6 1355 1593 1714 1592 1925 1718 2115 1927 2117 264 263 1356
31 1355 1593 1714 1592 1718 1925 2115 1927 13 31 31 2117 264 263 1356 1355 1593 1592 1714
1718 1925 2115 1927 264 2117 263 1356 1355 1593 1714 1592 1925 1718 2115 1927 264 2117 263 1356
1355 1593 1714 1592 1718 1925 2115 1927 2117 264 263 1 23 2 24 1 2 42 271 43
1 2 183 232 184 183 233 844 184 842 175 174 23 1 24 2 183 184 844 175
842 174 23 1 24 42 2 277 271 43 1 2 1 183 2 184 232 183 233 184
844 175 842 174 23 24 1 183 2 184 844 175 842 174 255 7714 1 256 2 42
271 1 43 2 183 844 184 232 842 844 233 175 842 23 174 24 1 2 183 844
184 842 175 174 23 1 24 2 42 277 271 43 1 2 1 183 2 184 232 233
183 184 844 175 842 174 23 24 1 2 183 184 844 175 842 174 23 1 24 42
2 277 271 43 1 2 1 2 183 844 184 842 175 174 232 175 233 23 174 1
24 2 183 184 844 842 175 23 174 1 24 1 2 42 2 277 271 43 1 183
2 844 184 842 175 174 23 24 1 2 1 2 183 844 184 175 842 174 23 1
24 2 1 2 232 233 1 2 42 277 271 43 1 2 1 2 183 184 844 175
842 232 174 175 233 174 23 1 24 2 183 844 184 842 175 174 23 24 1 2
42 277 271 43 1 183 2 844 184 175 842 174 232 233 175 23 174 1 24 2
1 2 183 184 844 175 842 174 23 1 24 2 42 277 271 1 43 2 183 184
844 842 175 23 174 24 1 183 2 184 232 233 183 844 184 175 842 23 174 1
24 42 2 277 271 43 1 2 1 2 183 844 184 842 232 844 233 842 175 23
174 24 1 183 2 184 844 842 175 174 23 1 24 1 2 2 183 184 844 175
842 174 23 24 1 2 42 277 271 1 43 1 2 183 2 184 844 1693 842 232
844 233 175 842 23 174 24 1 2 1 183 2 184 844 842 175 174 23 24 1
2 42 277 43 1 15 33 2 8 1 32 8 46 84 211 116 46 151 69 1324
15 1697 2505 685 100 6 2 2448 9 222 1 2449 2 3 9 19 4 258 20 259
19 258 20 19 259 20 258 19 259 20 258 2862 259 19 258 20 259 19 258 20
19 259 20 258 259 19 20 258 259 19 1033 20 258 753 0 31 351 0 259 19
1033 258 20 0 236 0 31 19 259 13 3 20 3 4 27 27 226 1 4 305
509 521 2 0 0 0 1 511 9 3 2 114 115 4 118 0 0 126 127 117
124 121 0 131 129 122 130 0 0 133 123 128 132 0 0 27 27 27 27 200
178 61 61 61 61 61 134 3 125 9 4 23 106 112 109 24 0 0 0 13
0 817 110 23 24 3 107 105 4 113 0 0 146 0 0 0 0 108 3 1
4 729 2 778 903 3402 1353 1352 1047 567 2962 1416 1 777 849 864 62 846 203 711
80 80 80 80 80 226 3704 14 206 2 208 0 0 14 207 1 14 25 2 26
63 191 192 194 64 580 0 0 0 0 0 5239 31 0 193 63 64 1 14 28
2 29 21 14 6 0 14 22 28 0 6 29 21 14 0 14 28 22 29 21
14 144 0 14 28 22 21 29 14 14 22 28 29 21 14 14 22 28 29 21
14 28 22 29 21 28 22 29 21 28 22 45 48 139 142 45 48 139 142 45
29 148 21 149 48 156 28 22 45 381 48 10579 12650 29 255 2341 256 3 13 19
4 20 3 4 3 6 6 1 4 14 14 2 264 6 287 263 288 303 302 327
472 328 475 331 330 264 263 287 288 303 302 327 13 328 472 475 331 330 264 287
263 303 288 327 302 472 328 331 475 330 264 263 287 288 303 327 302 328 472 475
331 330 1 14 8 33 2 1 32 8 3 2 84 151 46 46 211 823 854 15
116 100 1 4 729 778 2 903 711 172 777 1 849 864 226 846 200 61 61 61
61 61 1971 1667 2 2124 2125 2126 2123 2130 1292 846 226 81 1668 82 3 1 4 2
19 1064 332 1074 1073 1091 1092 1094 1095 1096 1089 658 20 1066 6 19 660 77 20 17
78 19 18 1130 77 1129 20 1132 1133 1142 1137 1097 1157 78 1102 5239 31 1164 77 1103
1165 78 19 1166 1172 1173 1175 1171 1201 55 20 1202 19 56 15 1211 1212 1216 1217 1221
1222 1210 1223 1196 20 19 1195 1238 1239 1245 1246 1251 0 1254 1249 1252 1253 3 20 4
467 1 468 1271 1270 1268 1265 1267 1272 1287 1289 1290 1291 1296 1258 1288 2 1 1286 1310
1305 1 2 2 19 1098 0 20 55 19 56 1213 20 55 56 19 20 55 56 19
55 20 19 56 55 20 1010 2568 56 19 20 55 56 19 55 20 56 19 55 20
19 56 20 55 56 19 20 104 55 147 180 180 180 0 19 56 55 104 20 147
56 19 3 20 1 4 305 2 509 521 0 204 511 1 186 3092 3490 2568 40 40
14 23 2 206 24 208 0 0 140 207 23 580 24 3 4 3 114 115 4 118
0 0 126 127 117 124 121 172 0 131 122 129 130 13 0 133 132 123 128 0
134 125 3 14 23 4 106 109 24 112 0 33 8 110 109 797 32 8 0 0
23 110 24 3 105 4 107 113 0 0 168 0 168 168 0 168 0 168 0 1100
108 0 1101 3 1419 1435 927 927 1560 1579 1123 1123 1554 14 4 1 2 183 25 184
26 63 191 64 194 1226 192 1553 146 0 144 0 69 1704 27 27 27 27 27 27
416 80 203 80 80 80 80 62 178 195 3052 711 195 69 0 69 69 0 8631 8631
31 0 180 31 193 63 64 3 14 4 28 21 29 0 14 22 28 29 21 14
0 14 22 28 45 0 48 381 4061 578 45 149 48 21 29 148 14 0 156 14
22 28 45 381 48 3958 578 13 45 381 48 578 4255 0 21 29 14 0 14 22
28 21 29 14 0 14 22 28 29 21 14 14 28 22 29 21 14 14 22 28
29 21 14 14 22 28 21 29 14 0 14 28 22 21 29 14 14 22 28 29
164 63 163 1 64 1 2 68 2 66 8 168 67 1 70 68 66 2 168 67
1 70 68 66 2 1 67 70 68 2 66 67 1 70 68 2 66 5 1663 13
5 5 5 5 5 5 1 67 70 42 2 271 43 1 1 2 2 183 232 184
233 183 844 184 175 842 174 23 24 1 2 1 2 183 184 844 842 175 174 23
24 1 42 2 277 271 43 1 183 2 184 844 175 842 174 23 1 24 1 2
183 2 844 184 842 175 174 23 24 1 2 1 232 2 233 1 42 2 277 271
1 43 2 1 183 2 184 844 175 842 174 23 24 1 1 2 183 2 184 844
175 842 174 232 233 175 23 174 24 1 2 42 43 8 33 76 42 32 8 277
271 43 1 1 2 183 2 844 184 842 232 1176 11128 11710 844 233 842 175 23 174
24 1 183 2 184 844 175 842 174 23 24 1 1 2 42 2 277 271 43 1
2 183 11218 184 844 842 175 232 174 233 175 174 23 1 24 1 2 2 183 844
184 842 175 174 23 1 24 2 1 2 42 277 271 43 1 1 2 2 183 232
184 233 183 844 184 175 842 174 23 24 1 2 1 2 183 2627 844 184 175 842
174 23 24 1 42 2 277 271 43 1 2 183 184 844 842 175 23 174 24 1
2 232 233 1 183 2 184 844 842 175 174 23 1 24 42 2 277 271 43 1
2 1 2 183 184 844 175 842 174 23 1 24 2 1 183 2 844 184 842 232
233 844 842 175 174 23 24 1 42 2 277 271 1 43 1 2 2 183 184 844
175 842 174 232 233 175 174 23 24 1 2 1 2 183 844 184 842 175 23 174
24 1 1 2 42 2 277 271 43 1 2 1 183 2 184 844 842 232 233 844
842 175 174 23 24 1 1 2 2 183 844 184 175 842 23 174 1 24 2 1
42 2 277 271 1 43 2 183 184 844 842 175 232 174 233 175 174 23 1 24
2 1 2 183 184 844 842 175 23 174 1 24 2 42 277 271 43 1 1 2
2 183 232 184 233 183 844 184 175 842 23 174 1 24 2 183 184 844 175 842
174 23 24 1 2 42 277 1 43 91 2 8 33 32 1 15 8 33 32 1
2 8 6156 88 40 40 40 40 1988 1990 1563 1853 1994 1502 100 116 2488 1946 2 2526
2525 2548 1292 188 203 226 80 80 80 80 80 62 1945 3 46 211 84 46 199 151
4 1 1208 4784 206 2 208 14 14 140 14 1 207 580 19 2 55 20 56 19
20 55 19 56 20 55 104 147 19 56 104 20 55 147 0 56 19 20 55 56
19 20 55 19 56 20 55 19 56 20 55 56 19 20 55 19 56 20 55 19
56 1 20 68 2 66 0 262 0 67 1 70 68 2 66 0 0 1 67 70
68 66 2 0 0 67 1 70 68 2 66 0 0 1 67 70 68 2 66 0
0 4426 1 67 70 40 1549 40 3 2 9 9 114 115 4 118 0 126 127 121
124 117 0 131 130 122 129 0 133 128 132 123 0 134 125 3 9 23 4 106
109 24 112 0 0 817 0 23 110 3 24 105 4 107 113 0 0 0 0 0
108 3 4 53 1 54 146 144 42 2 271 43 1 2 1 2 183 844 184 175
842 174 23 24 1 183 2 844 184 232 842 233 844 842 175 174 23 24 1 2
42 277 271 1 43 2 1 183 2 232 184 183 233 184 844 842 175 23 174 24
175 23 174 24 175 174 23 1 24 2 1 2 42 277 271 1 43 2 183 844
184 842 232 844 233 175 842 174 23 24 1 2 1 183 2 184 844 175 842 174
23 1 24 42 2 277 271 1 43 1 2 2 183 184 232 233 183 184 844 175
842 23 174 1 24 1 2 183 2 184 844 175 842 23 174 1 24 42 2 277
271 1 43 1 2 183 2 184 844 842 175 174 23 1 24 2 183 184 844 842
175 232 174 233 175 174 23 1 24 42 2 277 271 1 43 2 183 232 184 233
183 184 844 175 842 174 23 1 24 2 183 184 844 175 842 174 23 24 1 42
2 277 271 1 43 1 2 2 183 184 232 233 183 844 184 842 175 23 174 24
1 1 2 183 2 184 844 175 842 23 174 24 1 42 2 277 271 1 43 1
2 183 2 184 232 183 233 844 184 842 175 174 23 24 1 183 2 844 184 842
175 23 174 24 1 42 2 277 271 43 1 1 2 2 183 844 184 842 175 23
174 24 1 2 1 2 183 844 184 842 175 232 174 233 175 23 174 24 1 42
2 277 271 43 1 2 1 183 2 184 232 233 183 184 844 175 842 174 23 1
24 1 2 183 2 844 184 842 175 23 174 1 24 42 2 277 271 43 1 183
2 232 184 233 183 184 844 842 175 23 174 175 24 174 23 24 1 1 2 2
183 844 184 175 842 23 174 1 24 42 2 277 271 1 43 1 2 2 183 844
184 842 232 844 233 175 842 23 174 1 24 2 183 184 844 842 175 174 23 1
24 42 2 277 1 43 15 91 2216 6776 4489 3901 4578 2228 27 27 27 27 27 27
195 62 62 178 711 9602 40 88 33 2 8 1 32 8 84 211 46 69 46 9870
100 116 2458 1667 2 1668 81 82 3 4 1 2 1912 2516 2518 2520 2521 2535 2537 4081
4095 15 1292 62 270 1563 1913 1 206 14 208 2 0 0 0 2037 603 62 14 1
207 3 2 2549 2567 4 19 55 20 19 56 55 20 0 56 19 104 55 20 186
351 19 56 55 104 20 147 56 19 20 55 56 19 20 55 19 56 20 55 19
56 20 55 19 56 55 20 56 19 20 55 0 56 19 20 1 305 521 2 509
0 1 511 3 2 9 115 114 4 118 0 126 127 117 121 124 0 920 7560 226
2750 4535 601 9213 2790 2063 3051 6000 4426 0 131 129 130 122 0 133 128 132 123 0
134 3 125 9 4 23 106 112 109 24 0 0 0 817 23 110 24 3 105 113
107 4 0 0 0 0 0 108 3 10 10 10 10 10 10 700 700 700 700 700
88 28 4 0 45 149 21 48 29 148 14 0 58 14 0 156 28 22 88 45
48 381 4316 578 45 139 48 142 45 0 48 482 556 610 29 21 14 0 0 9
9 14 28 22 0 0 29 21 14 0 14 22 28 21 29 14 14 0 22 28
164 29 63 163 64 3 19 4 0 0 20 1 68 66 2 0 0 67 1 70
68 66 2 0 0 67 1 70 68 2 66 0 0 67 1 70 68 2 66 0
0 67 1 70 68 2 66 0 0 67 1 70 2 23 24 19 20 55 19 56
20 55 56 19 0 20 104 55 56 19 20 55 104 56 19 8 33 20 32 19
8 20 1 42 2 271 43 1 2 1 183 2 184 232 233 183 184 844 842 175
174 23 24 1 1 2 183 2 184 844 175 842 174 23 1 24 2 1 2 42
277 271 43 1 183 2 844 184 175 842 174 23 24 1 1 2 2 183 844 184
175 842 31 174 232 31 175 233 174 23 1 24 2 42 31 31 277 271 1 43
2 1 183 2 184 232 31 233 183 184 844 31 31 31 31 175 842 23 174 31
1 24 2 183 844 184 842 175 174 23 1 24 2 42 277 271 43 1 183 2
232 184 31 31 31 31 233 183 184 844 842 175 31 31 23 174 24 1 31 2
1 2 183 844 184 175 842 174 23 1 24 2 1 2 42 277 271 43 1 183
2 184 232 183 233 844 184 842 175 23 174 1 24 2 183 844 184 175 842 23
174 24 175 174 23 24 1 183 2 184 844 842 175 174 23 1 24 2 42 277
271 1 43 183 2 844 184 842 232 844 233 842 175 174 23 24 1 2 183 844
184 175 842 23 174 24 1 2 42 277 271 43 1 1 2 2 183 844 184 175
842 174 23 1 24 2 183 844 184 842 175 232 174 175 233 23 174 1 24 2
42 277 271 43 1 2 1 183 2 184 232 233 183 184 844 842 175 174 23 24
1 2 183 844 184 842 175 174 23 1 24 42 2 277 271 43 1 1 2 2
183 232 184 183 233 184 844 842 175 23 174 24 1 2 1 2 1 2 183 184
844 175 842 174 23 1 24 2 42 277 271 1 43 2 183 184 232 183 233 844
184 842 175 174 23 1 24 1 2 2 1 2 183 844 184 842 175 23 174 24
1 2 1 1 2 42 2 277 271 43 1 2 1 2 183 232 184 233 183 184
844 175 842 23 174 24 1 1 2 2 183 184 844 842 175 174 23 1 24 2
1 2 183 184 844 175 842 23 174 1 24 2 1 2 1 2 42 277 271 1
43 1 2 2 183 184 232 183 233 184 844 175 842 23 174 24 1 183 2 184
844 842 175 23 174 1 24 1 2 2 42 277 15 1 43 2 53 54 1 33
8 2 32 1 8 42 2 271 43 1 2 1 2 183 844 184 842 175 31 23
174 24 1 1 2 31 183 2 844 184 842 175 31 174 232 31 31 175 233 174
23 31 24 1 31 42 2 31 277 31 271 31 43 1 2 1 31 31 31 2
183 184 844 1997 31 175 842 31 174 23 24 1 2 183 184 232 31 31 31 31
31 31 183 233 184 844 31 31 175 842 174 23 24 1 2 42 277 271 1 43
1 2 2 183 844 184 842 175 23 174 24 1 2 183 232 184 31 31 183 233
184 844 175 842 3287 69 270 174 23 24 1 2 1 2 42 277 271 43 1 2
1 31 183 2 844 184 842 175 174 23 1 24 183 2 184 844 842 175 174 23
24 1 2 183 184 232 233 183 844 184 175 842 174 23 24 1 2 183 184 844
842 175 23 174 24 1 2 42 277 271 43 1 183 2 184 232 183 233 844 184
175 842 174 23 24 1 2 1 183 2 46 84 151 1124 46 844 184 842 175 174
23 1 24 42 2 277 271 43 1 2 183 184 844 842 175 232 174 233 175 174
23 1 24 1 2 2 183 844 184 175 842 174 23 24 1 2 42 277 271 43
1 2 1 183 2 844 184 175 842 23 174 1 24 2 183 184 232 183 233 184
844 842 175 23 174 1 24 42 2 277 271 43 1 2 183 232 184 233 183 844
184 842 175 174 23 24 1 2 1 2 183 844 184 175 842 174 23 1 24 2
42 277 271 43 1 2 1 2 183 184 232 233 183 184 844 175 842 174 23 1
24 2 183 184 844 842 175 174 23 1 24 2 1 2 42 277 271 1 43 1
2 183 2 844 184 842 232 233 844 842 175 23 174 24 1 183 2 184 844 175
842 174 23 1 24 42 2 277 43 33 8 32 15 76 42 8 69 84 151 46
195 178 195 211 211 43 1 2 655 2753 2771 2773 23 659 24 34 17 35 18 53
54 17 18 655 2891 1784 188 846 178 659 1 42 2 271 43 1 2 183 232 184
233 183 844 184 842 175 23 174 1 24 183 2 184 844 175 842 174 23 1 24
2 42 277 271 43 1 2 1 2 183 232 184 233 183 184 844 175 842 174 23
24 1 183 2 184 844 842 175 23 174 1 24 1 2 2 42 277 271 1 43
2 1 2 183 844 184 842 175 23 174 24 1 2 1 2 183 184 844 842 232
233 844 842 175 174 23 1 24 1 2 42 2 277 271 1 43 183 2 184 844
842 175 23 174 24 1 1 2 2 183 184 844 842 175 174 23 1 24 2 232
233 1 42 2 277 271 1 43 1 2 2 183 184 844 232 842 233 844 842 175
23 174 1 24 2 183 184 844 842 175 174 23 1 24 42 2 277 271 43 1
183 2 184 844 232 842 844 233 175 842 23 174 1 24 2 1 183 2 184 844
842 175 23 174 24 1 42 2 277 271 1 43 1 2 2 183 844 184 175 842
174 23 24 1 2 183 184 232 233 183 844 184 842 175 23 174 1 24 1 2
42 2 277 271 1 43 2 1 183 2 184 844 175 842 174 23 1 24 1 2
183 2 184 844 842 175 232 174 233 175 23 174 1 24 2 1 42 2 277 43
32 81 8 322 321 549 570 336 350 352 356 354 82 323 355 353 357 349 0 362
365 373 370 372 371 374 368 0 441 442 201 464 465 240 0 378 377 382 380 383
379 10 384 385 386 387 388 389 0 393 391 398 394 0 395 390 397 399 405 403
402 404 229 412 410 517 408 326 197 360 245 400 196 323 406 407 411 333 335 720
326 409 323 334 414 326 197 245 413 196 323 415 392 1084 1110 1111 1126 417 418 10761
10748 10730 425 420 435 434 3 326 440 443 444 439 445 446 15 447 358 1045 1145 0
3 4 4 662 292 469 470 1000 1322 1170 291 3 454 455 456 1420 4 49 1418 1468
1470 1466 1467 1471 10 10 1457 1458 1476 1475 1477 1474 476 477 1473 1478 1479 1481 1480 1486
50 3 11728 15570 49 4 12305 16102 1487 1488 50 3 1490 337 338 339 342 343 345 15
344 346 347 348 307 4 684 309 310 3 359 361 364 363 366 308 0 3 4 273
4 647 0 274 3 396 401 0 586 422 423 428 431 436 437 438 433 10 10 1765
449 448 450 451 453 452 776 779 790 791 747 537 458 457 459 427 755 4 432 3
429 461 460 463 15 462 34 4 8 15 466 311 0 35 33 8 32 34 8 6177
2681 2400 481 480 169 244 35 471 6 265 34 170 484 483 486 485 0 514 513 804
806 807 3 35 487 488 1743 1779 2142 492 493 496 495 498 497 499 500 502 501 503
504 506 505 507 508 510 512 15 515 516 744 520 320 4 295 563 3 294 523 524
526 525 528 529 34 4 530 532 533 536 535 538 542 544 543 84 540 541 2435 547
548 551 550 430 46 5 5 5 10396 13660 9482 17111 7873 35 1 554 555 600 740 1163
88 217 44 860 862 863 861 49 2 10 1556 10 1529 46 10 10 1572 1542 587 10
1540 50 1 579 576 814 566 2 1 565 582 581 585 568 1516 1778 1812 1819 1830 1829
474 809 2 853 473 1 588 589 590 591 592 593 595 594 604 605 9022 2 3 2163
2168 2200 2213 2242 2226 2287 2283 2286 2292 2297 2295 2298 4 1 1568 1571 1 2 1649 1652
1657 1655 1659 1625 1677 1678 599 598 1717 1725 1831 1861 1864 1886 1880 1918 1920 1922 1923 1930
1931 1934 1964 1965 2 1746 1984 1983 1911 2120 1744 1 1914 2003 1996 2002 2004 2006 2007 2010
613 596 478 2 891 963 479 1 629 631 635 636 2 25 652 691 618 619 621 622
623 624 625 15 626 26 17 627 44 3179 628 632 602 18 562 901 561 17 640 15
639 642 641 630 650 651 661 663 668 669 670 18 656 667 5354 673 672 674 671 678
657 17 677 681 15 682 697 665 696 18 698 692 702 701 704 703 706 694 17 664
1 18 1734 1735 1745 1748 1749 2435 17111 13660 8738 10396 13355 5 10554 7873 9482 21567 5 2841
2 42 1 43 3 2 37 37 38 37 38 37 38 37 38 38 4 51 52 81
51 82 52 17 18 1 9 9 2 261 2839 6803 9 9 222 633 634 5 100 282
260 285 283 289 284 0 490 290 0 1607 216 489 0 215 247 6 246 251 252 254
6 275 253 276 4202 30 30 4203 1 3 2 9 4 3776 3 3779 9 4 34 35
81 1001 882 881 4071 3 82 3 4 1 4 9 9 2 261 260 282 3242 0 285
283 284 289 290 490 0 489 216 0 247 215 0 251 246 1562 254 252 6 4331 1963
253 275 6 6 6 6 6 6 6 6 239 276 238 1 3 2 9 1333 800 687
688 9 1 4 2 261 282 260 285 283 284 289 1888 1909 290 490 1607 489 216 247
215 251 246 252 254 0 1875 275 253 6 6 6 6 239 276 6 238 297 3920 2370
298 317 316 1 2 3 114 115 4 716 118 739 1075 6 6 127 126 124 121 117
30 2211 30 6 6 131 30 130 129 122 754 0 6 133 128 132 123 134 4739 1326
3 125 23 4 9 106 112 109 705 24 719 471 110 23 3 24 105 4 113 107
707 742 0 27 226 172 597 1326 2584 1626 0 108 1100 0 3 1101 4 161 160 3
4 1 206 729 146 2 161 45 160 21 6 144 0 9 2538 22 161 6 6 139
48 6 6 6 6 6 6 6 4369 142 0 100 45 21 160 0 161 22 3 160
9 9 9 4 164 6 6 6 6 381 48 30 6 21051 255 163 6 6 30 256
28 29 164 7771 255 163 30 6 84 6 69 1190 46 116 256 28 164 29 30 6
30 743 745 30 31 13 6 6 6 2341 45 163 48 21 149 9 6 6 6 156
164 22 6 45 6 149 163 48 21 6 6 30 13 6 6 6 6 6 6 6
6 6 6 6 6 156 164 22 45 6 6 139 48 142 6 163 21 1402 164 22
5840 0 0 163 63 64 17 574 18 575 25 2471 26 161 160 21 2508 22 161 12
21 160 1535 1733 270 27 601 226 851 852 178 925 924 998 27 203 27 178 27 27
62 178 1237 27 22 161 188 5306 2528 768 2317 160 21 666 22 161 160 21 850 933
934 80 80 80 80 80 27 172 22 161 5024 471 471 25 160 17 26 18 164 163
3 2822 4 0 0 2737 2823 3 9 25 4 898 519 26 718 717 871 843 721 722
726 15 724 15 731 730 732 728 733 695 690 735 734 738 0 518 25 26 17 828
534 18 1029 17 531 832 821 534 1029 18 836 811 769 0 838 835 17 841 531 18
25 713 712 748 746 8 33 26 25 32 8 26 49 53 50 329 1113 1114 329 1144
1143 240 201 27 962 990 991 62 188 416 1548 1550 189 54 2926 822 51 190 52 1
10 1136 778 2 1 777 849 729 2 778 1136 777 1 849 1916 4339 4174 903 903 200
27 711 203 864 601 864 200 3272 40 40 27 601 62 40 574 2 25 575 756 757
759 26 574 758 25 575 280 26 519 518 25 26 1 2 81 6 6 471 6 6
6 471 471 3 82 37 37 38 37 38 37 38 38 37 38 2731 2740 167 1179 4
161 3 179 160 4 161 25 160 1184 179 3 26 177 1186 11473 167 4 141 77 143
49 78 50 17 18 3 11932 177 167 2981 4 161 160 25 2985 6 3 26 179 2992
177 1181 167 4 1 474 2 853 473 1 91 91 40 40 25 2 26 17 18 562
901 561 17 25 18 761 760 879 781 780 783 617 26 782 25 616 789 788 280 3186
26 17 18 534 531 17 25 18 572 26 917 916 919 915 922 921 25 571 923 954
340 26 6 6 6 6 6 30 6 1152 25 341 1011 1009 0 1015 1016 1017 179 3
26 4 49 10 10 10 10 10 1730 1756 1600 50 3 179 114 115 4 118 815 0
1075 0 221 6 30 6 16 126 127 831 221 124 833 121 117 16 6 2852 6 6
221 584 16 30 6 584 6 6 217 210 212 44 210 44 212 2566 1882 949 950 221
6 6 6 0 221 16 16 131 845 1121 130 122 858 129 4703 30 16 6 6 6
0 13 30 16 6 6 6 6 6 6 6 6 6 6 6 6 6 30 6 16
6 6 6 6 6 0 6 840 133 123 829 128 132 6 939 940 1388 1387 1386 6
6 6 6 6 6 6 6 6 6 6 6 6 6 6 6 6 6 6 16 6
36 39 1982 6 199 27 1369 4658 16 30 13 6 6 134 3 125 4 23 106 797
24 109 112 6 6 30 16 13 6 16 30 6 6 16 6 16 6 2071 6 1520
6 30 16 6 16 6 1300 16 30 6 6 30 13 6 6 6 6 6 6 6
30 16 6 6 6 6 6 6 6 6 6 30 16 13 6 30 16 13 138 31
110 23 3 24 105 107 113 4 798 146 0 2546 1052 0 16 30 16 30 13 16
36 203 1052 13 30 1052 30 13 16 3896 876 108 1100 3072 1040 813 1569 172 3591 803
144 2686 3 1101 961 960 199 40 40 9344 9919 6457 6452 4 6930 6450 3 10 10 4
1 91 2768 2 3 88 40 40 40 984 983 99 1020 1019 1058 1057 99 899 99 80
80 2652 2652 5 40 1119 1120 1158 1159 99 99 1206 1205 99 99 1906 1259 1260 99 99
4 136 189 137 1498 2391 190 179 3 1558 1567 1570 1574 1575 1581 1585 1586 1610 4 1
305 2 521 509 0 71 2546 204 1464 511 1 2 208 9 0 1947 140 140 140 30
13 140 207 1 4562 2412 580 9 10 91 91 91 2511 91 40 2649 91 168 40 40
168 8 68 2 66 16 30 13 30 16 16 30 30 16 2546 73 13 30 16 16
16 16 1507 30 16 30 13 16 67 1 70 88 68 2 66 47 47 16 47 16
47 762 4821 16 67 1 70 9 2 63 47 1003 1226 64 192 194 191 1022 1878 0
1451 741 2546 47 47 16 47 47 47 47 47 47 30 16 16 16 73 762 16 41
16 2546 16 16 2546 41 16 30 73 111 16 41 762 16 36 31 30 16 16 75
193 179 3 9 75 75 4 25 47 47 47 47 75 2245 179 3 26 75 91 40
88 4 63 1062 64 560 1183 1069 1068 1072 1070 1071 1065 47 47 47 1067 1028 47 931
0 1081 1079 1082 1083 0 1085 1080 63 559 1087 2512 47 47 64 25 75 2546 75 75
6989 255 26 75 30 47 256 617 616 25 75 30 13 75 75 75 351 4809 970 168
26 1 2 2870 1169 1327 1167 5244 1329 1409 47 47 1448 1408 47 47 47 1513 1449 47
47 30 75 47 3025 47 47 30 47 13 47 75 47 47 6718 1514 1356 1355 1593 47
1714 1592 47 1925 1718 47 2115 1927 5888 47 5888 47 1 2117 88 6409 6399 2 6538 0
6405 1 19 2 1284 1086 258 1033 20 5163 47 47 855 47 47 47 47 47 47 47
47 1099 4762 259 4763 552 553 2495 1295 2496 1294 552 553 1543 1295 1545 1294 552 1295 553
1543 1545 552 1294 3 179 553 4 1 68 257 2 66 47 47 202 47 0 47 0
47 47 0 1 67 70 12 11 11 12 11 12 11 12 11 12 2 1169 2870 1982
3508 1333 8397 0 1327 3549 1167 47 886 1520 1282 3806 1409 1329 5373 75 30 13 7379 30
1408 1 1844 3505 2 15 47 30 47 47 75 47 47 47 47 47 47 47 47 47
47 47 47 47 47 47 47 47 47 47 47 47 13 47 15 1846 15 1894 47 47
47 47 47 47 47 15 1893 314 315 318 91 47 319 3 63 4 0 12 12 0
47 0 11 12 0 11 11 11 12 12 1282 2760 11 11 12 11 11 4598 4657 12
816 11 11 12 0 803 816 0 1121 813 0 816 47 0 0 0 1566 0 1566 1384
64 560 0 559 63 64 560 63 559 1183 560 64 47 47 47 753 931 0 559 63
64 560 47 47 931 0 63 559 64 560 0 63 559 64 560 47 0 931 0 63
559 64 560 47 47 47 0 559 63 560 64 0 559 63 64 560 0 559 63 0
0 0 0 47 47 0 0 0 0 151 69 46 211 46 84 802 1282 573 10457 685
0 100 0 0 0 0 2512 0 23 64 24 3 8 33 4 3 32 8 4 3
37 37 38 37 38 38 37 38 37 38 116 91 40 80 80 80 80 80 80 80
80 80 80 80 80 80 80 80 80 80 80 80 80 61 61 61 61 61 61 61
61 61 61 61 61 61 61 61 61 61 61 61 61 61 61 61 61 61 61 61
217 210 44 212 114 115 118 4 9 9 222 15 1324 0 0 126 831 127 124 117
121 0 87 87 111 0 138 87 87 87 87 131 130 122 129 87 0 133 0 123
128 132 0 0 134 3 125 9 1438 1439 1441 1442 1463 1352 1353 1047 1007 1006 1006 1007
4 23 106 24 1 305 2 521 509 87 0 1446 87 1 511 23 2 24 112 109
0 0 0 74 87 87 75 87 87 0 110 23 3 24 105 4 107 113 810 0
0 0 820 810 0 0 0 87 87 0 0 87 87 87 0 108 3 88 27 62
87 3239 1010 40 27 27 203 27 200 61 61 61 61 61 80 80 80 80 80 27
172 737 4 736 183 2248 0 184 25 87 0 2391 2471 0 26 63 87 87 0 87
87 0 87 0 1 64 63 2 0 376 64 87 87 267 375 323 326 612 376 267
375 312 87 313 376 612 87 375 318 1460 27 178 711 116 91 40 40 40 40 319
3 136 4 10118 10293 15197 33 137 8 136 32 8 137 49 146 144 50 189 2546 190
136 137 3 4 63 0 64 25 0 26 63 64 1 68 2 66 0 0 0 1
67 70 68 66 2 0 0 87 87 0 1 67 70 68 66 2 0 0 87 0
0 67 1 70 68 66 2 0 0 0 0 67 1 70 68 63 2 0 2245 1
64 94 2 92 87 0 0 1316 93 1 279 87 94 92 2 1316 87 2546 93 1
145 94 2 92 93 1 279 66 2 0 0 0 67 1 63 2 0 64 51 52
3 4 28 29 21 9 0 28 22 29 21 0 87 87 87 87 87 87 87 87
0 87 87 22 28 29 21 87 0 22 28 29 21 3213 22 28 2546 29 21 87
87 22 28 29 21 87 4623 22 28 87 29 21 9 3 22 8 33 4 3 32
8 4 1 2725 70 94 92 646 2 120 75 75 6754 120 75 75 279 93 1 153
926 2 150 75 75 98 6754 75 75 75 31 75 75 75 762 59 31 59 59 59
90 6754 90 36 1769 152 1 155 91 91 88 33 8 2 32 1 8 84 151 823
15 854 46 46 211 3016 573 2808 25 2 792 793 794 795 796 775 26 1204 786 787
25 801 799 824 825 827 826 830 765 1199 26 784 11510 859 866 25 785 90 870 868
5 873 872 874 875 878 877 897 880 818 885 883 12 11 12 11 12 11 889 888
893 890 26 63 11 11 904 906 12 911 912 11 914 913 930 929 11 12 12 11
11 12 11 11 11 12 936 935 938 942 941 944 943 946 945 947 948 952 951 64
1 68 66 2 257 180 230 1609 172 27 62 100 0 202 120 67 1 70 68 2
66 257 4355 120 13 120 4420 120 90 120 90 27 158 1982 2998 1 67 70 1010 2072
116 94 646 2 92 47 90 47 47 9 222 9 90 90 120 90 13 2443 47 834
47 47 47 47 47 90 90 279 93 1 94 646 2 92 279 93 1 9 8 33
2 32 1 8 76 42 2 27 4037 43 1 3 2 4 63 64 17 18 34 1
35 3 2 27 7189 753 226 172 37 38 37 38 37 38 37 38 37 38 62 4
53 54 33 32 53 8 1 54 2 63 64 1 53 2 33 8 54 53 32 8
17 54 25 18 1 26 63 2 1 64 2 1 94 2 92 93 1 279 94 2
646 92 90 90 90 90 90 90 120 90 120 90 90 120 138 138 138 98 89 89
98 89 93 1 145 68 2 66 47 47 47 47 47 47 47 98 98 98 89 1
67 70 153 94 2 92 98 120 98 98 47 89 98 98 120 89 89 120 834 120
98 89 120 98 89 120 89 3664 89 89 4378 93 1 145 2 150 926 98 98 89
6754 89 1415 6754 98 89 89 89 1 152 155 153 2 150 89 762 89 89 96 96
96 96 96 96 96 96 152 1 155 217 210 44 212 210 44 212 305 884 2 968
964 975 1 884 2 3 115 114 4 23 106 106 3 24 105 9 9 118 4 27
0 62 27 100 116 1105 62 0 127 126 121 124 117 47 98 120 131 130 122 129
0 133 132 128 123 0 134 203 125 3 114 115 4 118 188 46 46 84 1369 211
573 151 199 1208 126 127 121 117 124 120 47 845 131 217 122 129 130 210 44 212
44 210 1008 212 47 98 120 47 133 840 128 132 123 134 3 125 5012 9 8 33
4 3 32 8 88 5858 91 11 12 37 38 37 38 37 37 38 37 38 38 12
12 88 80 80 80 80 80 172 1609 4 1 206 208 2 138 14 2402 2340 140 14
207 1 23 2 24 112 109 491 98 23 110 3 24 113 4 107 0 0 47 47
47 47 47 47 47 820 108 3 28 4 29 21 138 6211 22 28 21 29 9 28
22 29 21 138 47 47 47 47 95 57 22 28 21 29 22 28 21 29 22 28
29 21 28 22 21 29 28 22 138 138 138 45 21 29 148 138 95 57 98 13
57 47 47 47 47 47 13 57 47 47 47 47 47 47 28 22 48 139 142 45
29 149 48 148 21 47 47 47 47 47 47 47 47 47 47 47 47 47 138 156
22 28 45 139 48 142 45 139 48 142 6754 95 6754 95 2994 3 29 9 19 4
1086 0 258 20 47 0 259 19 1150 1151 1155 11 0 12 12 12 11 11 12 11
12 11 12 11 138 55 20 47 47 47 95 147 56 19 55 20 47 47 95 95
47 147 236 8402 236 1769 19 56 2433 88 20 55 47 47 47 147 237 855 5909 6000
19 56 55 20 47 79 47 47 47 47 47 47 47 47 47 47 147 56 19 351
1577 1098 55 104 20 95 57 47 95 57 95 47 147 2244 236 2998 56 19 1213 20
104 55 138 147 180 2735 8677 5709 237 56 19 20 104 55 95 95 539 1577 56 19
55 20 95 138 47 47 95 186 19 56 20 34 57 0 195 3631 40 178 3512 40
40 539 91 40 5 1841 5 40 1841 5 40 5 5 5 1066 1841 5 40 40 1836
8114 27 27 27 27 27 27 416 200 61 61 61 61 61 40 5 711 40 416 711
1419 927 1560 1777 1123 1301 88 91 40 91 138 17 35 18 3 1936 1919 1865 1879 1876
1870 1635 4 564 47 47 11 2021 2021 47 47 1841 5 0 2021 138 6730 12521 6904 138
569 63 138 95 95 138 2245 95 0 3159 95 6754 95 95 16 16 16 16 0 2627
4024 64 23 7737 40 846 5 5 5 168 40 5 5 5 5 106 24 112 109 138
0 0 16 0 23 110 24 710 709 17 25 18 26 192 191 194 0 16 0 16
16 0 138 16 6754 138 16 2866 13393 0 2873 69 0 69 416 47 0 138 47 0
138 138 47 47 1314 57 0 47 138 16 47 47 57 13 47 16 0 69 69 2627
69 2827 1761 69 416 12261 144 0 16 16 79 41 47 138 57 13 47 138 0 193
25 3 26 1 4 68 66 2 0 0 69 4321 2931 416 69 67 1 70 68 2
66 0 0 0 67 1 70 68 2 66 47 1663 138 0 47 2827 11041 0 67 1
70 138 2 49 4008 4025 3804 50 1653 1691 1654 81 4219 1770 1771 1413 82 312 65 6485
144 146 146 65 65 11 65 65 11 11 12 11 11 65 12 65 65 11 11 65
12 74 65 74 65 74 65 65 74 74 65 5740 74 2487 74 74 74 65 65 65
65 74 74 25 313 138 16 16 41 281 2391 0 74 16 16 16 41 280 0 11
11 12 11 74 11 12 11 47 12 11 74 26 81 16 138 138 16 16 16 41
0 229 16 16 16 314 82 74 74 65 65 74 74 65 74 65 74 74 65 65